ds,trend,yhat_lower,yhat_upper,trend_lower,trend_upper,All Saints' Day,All Saints' Day_lower,All Saints' Day_upper,Assumption Day,Assumption Day_lower,Assumption Day_upper,Christmas Day,Christmas Day_lower,Christmas Day_upper,Constitution Day,Constitution Day_lower,Constitution Day_upper,Epiphany,Epiphany_lower,Epiphany_upper,Good Friday,Good Friday_lower,Good Friday_upper,Immaculate Conception,Immaculate Conception_lower,Immaculate Conception_upper,Labor Day,Labor Day_lower,Labor Day_upper,National Day,National Day_lower,National Day_upper,New Year's Day,New Year's Day_lower,New Year's Day_upper,holidays,holidays_lower,holidays_upper,multiplicative_terms,multiplicative_terms_lower,multiplicative_terms_upper,weekly,weekly_lower,weekly_upper,yearly,yearly_lower,yearly_upper,additive_terms,additive_terms_lower,additive_terms_upper,yhat
2023-01-01,21535.93127497512,-67754.47053178646,116609.25241802252,21535.93127497512,21535.93127497512,0.0,0.0,0.0,0.0,0.0,0.0,0.0,0.0,0.0,0.0,0.0,0.0,0.0,0.0,0.0,0.0,0.0,0.0,0.0,0.0,0.0,0.0,0.0,0.0,0.0,0.0,0.0,0.0,0.0,0.0,0.0,0.0,0.0,0.0053413430233819,0.0053413430233819,0.0053413430233819,0.0012943274964959,0.0012943274964959,0.0012943274964959,0.0040470155268859,0.0040470155268859,0.0040470155268859,0.0,0.0,0.0,21650.962071242742
2023-01-02,27398.782217012875,-68410.54557361918,121035.23267743945,27398.782217012875,27398.782217012875,0.0,0.0,0.0,0.0,0.0,0.0,0.0,0.0,0.0,0.0,0.0,0.0,0.0,0.0,0.0,0.0,0.0,0.0,0.0,0.0,0.0,0.0,0.0,0.0,0.0,0.0,0.0,0.0,0.0,0.0,0.0,0.0,0.0,0.0038515831224775,0.0038515831224775,0.0038515831224775,-0.0006993391191693,-0.0006993391191693,-0.0006993391191693,0.0045509222416469,0.0045509222416469,0.0045509222416469,0.0,0.0,0.0,27504.31090417636
2023-01-03,33261.63315905063,-49571.94906107995,116468.39944162796,33261.63315905063,33261.63315905063,0.0,0.0,0.0,0.0,0.0,0.0,0.0,0.0,0.0,0.0,0.0,0.0,0.0,0.0,0.0,0.0,0.0,0.0,0.0,0.0,0.0,0.0,0.0,0.0,0.0,0.0,0.0,0.0,0.0,0.0,0.0,0.0,0.0,0.0041142791965937,0.0041142791965937,0.0041142791965937,-0.0009328826298023,-0.0009328826298023,-0.0009328826298023,0.0050471618263961,0.0050471618263961,0.0050471618263961,0.0,0.0,0.0,33398.480804401646
2023-01-04,39124.48410108838,-47137.59776278231,123154.3363658388,39124.48410108838,39124.48410108838,0.0,0.0,0.0,0.0,0.0,0.0,0.0,0.0,0.0,0.0,0.0,0.0,0.0,0.0,0.0,0.0,0.0,0.0,0.0,0.0,0.0,0.0,0.0,0.0,0.0,0.0,0.0,0.0,0.0,0.0,0.0,0.0,0.0,0.0052588321363987,0.0052588321363987,0.0052588321363987,-0.0002763532964419,-0.0002763532964419,-0.0002763532964419,0.0055351854328406,0.0055351854328406,0.0055351854328406,0.0,0.0,0.0,39330.2331953992
2023-01-05,44987.335043126135,-39253.47090749823,129568.4589297769,44987.335043126135,44987.335043126135,0.0,0.0,0.0,0.0,0.0,0.0,0.0,0.0,0.0,0.0,0.0,0.0,0.0,0.0,0.0,0.0,0.0,0.0,0.0,0.0,0.0,0.0,0.0,0.0,0.0,0.0,0.0,0.0,0.0,0.0,0.0,0.0,0.0,0.0059813109360921,0.0059813109360921,0.0059813109360921,-3.356731099833522e-05,-3.356731099833522e-05,-3.356731099833522e-05,0.0060148782470904,0.0060148782470904,0.0060148782470904,0.0,0.0,0.0,45256.41828220522
2023-01-06,50850.18598516389,-43313.37657387048,136716.51519129914,50850.18598516389,50850.18598516389,0.0,0.0,0.0,0.0,0.0,0.0,0.0,0.0,0.0,0.0,0.0,0.0,-0.0091424888,-0.0091424888,-0.0091424888,0.0,0.0,0.0,0.0,0.0,0.0,0.0,0.0,0.0,0.0,0.0,0.0,0.0,0.0,0.0,-0.0091424888,-0.0091424888,-0.0091424888,-0.0026609280076926,-0.0026609280076926,-0.0026609280076926,-4.983770820672255e-06,-4.983770820672255e-06,-4.983770820672255e-06,0.006486544563128,0.006486544563128,0.006486544563128,0.0,0.0,0.0,50714.87730107959
2023-01-07,56713.03692720165,-29268.206411421663,144206.76903216523,56713.03692720165,56713.03692720165,0.0,0.0,0.0,0.0,0.0,0.0,0.0,0.0,0.0,0.0,0.0,0.0,0.0,0.0,0.0,0.0,0.0,0.0,0.0,0.0,0.0,0.0,0.0,0.0,0.0,0.0,0.0,0.0,0.0,0.0,0.0,0.0,0.0,0.0076036710723573,0.0076036710723573,0.0076036710723573,0.0006527986307412,0.0006527986307412,0.0006527986307412,0.006950872441616,0.006950872441616,0.006950872441616,0.0,0.0,0.0,57144.26420551054
2023-01-08,62575.8878692394,-24254.96828178402,153695.16730439913,62575.8878692394,62575.8878692394,0.0,0.0,0.0,0.0,0.0,0.0,0.0,0.0,0.0,0.0,0.0,0.0,0.0,0.0,0.0,0.0,0.0,0.0,0.0,0.0,0.0,0.0,0.0,0.0,0.0,0.0,0.0,0.0,0.0,0.0,0.0,0.0,0.0,0.008703206667614,0.008703206667614,0.008703206667614,0.0012943274964951,0.0012943274964951,0.0012943274964951,0.0074088791711188,0.0074088791711188,0.0074088791711188,0.0,0.0,0.0,63120.49875377483
2023-01-09,68438.73881127716,-20475.56070703895,156564.72355195612,68438.73881127716,68438.73881127716,0.0,0.0,0.0,0.0,0.0,0.0,0.0,0.0,0.0,0.0,0.0,0.0,0.0,0.0,0.0,0.0,0.0,0.0,0.0,0.0,0.0,0.0,0.0,0.0,0.0,0.0,0.0,0.0,0.0,0.0,0.0,0.0,0.0,0.0071625003270727,0.0071625003270727,0.0071625003270727,-0.0006993391191704,-0.0006993391191704,-0.0006993391191704,0.0078618394462431,0.0078618394462431,0.0078618394462431,0.0,0.0,0.0,68928.93130039738
2023-01-10,74301.5897533149,-13610.299710264488,170340.2666127838,74301.5897533149,74301.5897533149,0.0,0.0,0.0,0.0,0.0,0.0,0.0,0.0,0.0,0.0,0.0,0.0,0.0,0.0,0.0,0.0,0.0,0.0,0.0,0.0,0.0,0.0,0.0,0.0,0.0,0.0,0.0,0.0,0.0,0.0,0.0,0.0,0.0,0.0073783161834096,0.0073783161834096,0.0073783161834096,-0.0009328826298035,-0.0009328826298035,-0.0009328826298035,0.0083111988132132,0.0083111988132132,0.0083111988132132,0.0,0.0,0.0,74849.81037544485
2023-01-11,80164.44069535266,-9854.213681703126,164972.5726453887,80164.44069535266,80164.44069535266,0.0,0.0,0.0,0.0,0.0,0.0,0.0,0.0,0.0,0.0,0.0,0.0,0.0,0.0,0.0,0.0,0.0,0.0,0.0,0.0,0.0,0.0,0.0,0.0,0.0,0.0,0.0,0.0,0.0,0.0,0.0,0.0,0.0,0.008482122190802,0.008482122190802,0.008482122190802,-0.0002763532964427,-0.0002763532964427,-0.0002763532964427,0.0087584754872447,0.0087584754872447,0.0087584754872447,0.0,0.0,0.0,80844.40527668795
2023-01-12,86027.29163739042,2949.8189972205546,178300.32335747394,86027.29163739042,86027.29163739042,0.0,0.0,0.0,0.0,0.0,0.0,0.0,0.0,0.0,0.0,0.0,0.0,0.0,0.0,0.0,0.0,0.0,0.0,0.0,0.0,0.0,0.0,0.0,0.0,0.0,0.0,0.0,0.0,0.0,0.0,0.0,0.0,0.0,0.0091715867882647,0.0091715867882647,0.0091715867882647,-3.356731100068535e-05,-3.356731100068535e-05,-3.356731100068535e-05,0.0092051540992654,0.0092051540992654,0.0092051540992654,0.0,0.0,0.0,86816.2984088021
2023-01-13,91890.14257942818,1354.480635938797,176986.2235395314,91890.14257942818,91890.14257942818,0.0,0.0,0.0,0.0,0.0,0.0,0.0,0.0,0.0,0.0,0.0,0.0,0.0,0.0,0.0,0.0,0.0,0.0,0.0,0.0,0.0,0.0,0.0,0.0,0.0,0.0,0.0,0.0,0.0,0.0,0.0,0.0,0.0,0.0096475914961789,0.0096475914961789,0.0096475914961789,-4.983770821464373e-06,-4.983770821464373e-06,-4.983770821464373e-06,0.0096525752670004,0.0096525752670004,0.0096525752670004,0.0,0.0,0.0,92776.66113756014
2023-01-14,97752.99352146592,10477.574916684773,180587.57078739515,97752.99352146592,97752.99352146592,0.0,0.0,0.0,0.0,0.0,0.0,0.0,0.0,0.0,0.0,0.0,0.0,0.0,0.0,0.0,0.0,0.0,0.0,0.0,0.0,0.0,0.0,0.0,0.0,0.0,0.0,0.0,0.0,0.0,0.0,0.0,0.0,0.0,0.0107546237263687,0.0107546237263687,0.0107546237263687,0.0006527986307427,0.0006527986307427,0.0006527986307427,0.0101018250956259,0.0101018250956259,0.0101018250956259,0.0,0.0,0.0,98804.29018491546
2023-01-15,103615.84446350369,12686.936675188765,193583.0147811933,103615.84446350369,103615.84446350369,0.0,0.0,0.0,0.0,0.0,0.0,0.0,0.0,0.0,0.0,0.0,0.0,0.0,0.0,0.0,0.0,0.0,0.0,0.0,0.0,0.0,0.0,0.0,0.0,0.0,0.0,0.0,0.0,0.0,0.0,0.0,0.0,0.0,0.0118479562850032,0.0118479562850032,0.0118479562850032,0.0012943274964945,0.0012943274964945,0.0012943274964945,0.0105536287885086,0.0105536287885086,0.0105536287885086,0.0,0.0,0.0,104843.48045914096
2023-01-16,109478.69540554144,27336.47520011296,204447.83362748797,109478.69540554144,109478.69540554144,0.0,0.0,0.0,0.0,0.0,0.0,0.0,0.0,0.0,0.0,0.0,0.0,0.0,0.0,0.0,0.0,0.0,0.0,0.0,0.0,0.0,0.0,0.0,0.0,0.0,0.0,0.0,0.0,0.0,0.0,0.0,0.0,0.0,0.0103089133665831,0.0103089133665831,0.0103089133665831,-0.0006993391191656,-0.0006993391191656,-0.0006993391191656,0.0110082524857487,0.0110082524857487,0.0110082524857487,0.0,0.0,0.0,110607.30179196372
2023-01-17,115341.5463475792,24666.97595777476,200828.69614573757,115341.5463475792,115341.5463475792,0.0,0.0,0.0,0.0,0.0,0.0,0.0,0.0,0.0,0.0,0.0,0.0,0.0,0.0,0.0,0.0,0.0,0.0,0.0,0.0,0.0,0.0,0.0,0.0,0.0,0.0,0.0,0.0,0.0,0.0,0.0,0.0,0.0,0.0105325346184852,0.0105325346184852,0.0105325346184852,-0.0009328826298022,-0.0009328826298022,-0.0009328826298022,0.0114654172482875,0.0114654172482875,0.0114654172482875,0.0,0.0,0.0,116556.38517743468
2023-01-18,121204.39728961694,29936.62555673854,211284.5821027624,121204.39728961694,121204.39728961694,0.0,0.0,0.0,0.0,0.0,0.0,0.0,0.0,0.0,0.0,0.0,0.0,0.0,0.0,0.0,0.0,0.0,0.0,0.0,0.0,0.0,0.0,0.0,0.0,0.0,0.0,0.0,0.0,0.0,0.0,0.0,0.0,0.0,0.0116478754773447,0.0116478754773447,0.0116478754773447,-0.0002763532964417,-0.0002763532964417,-0.0002763532964417,0.0119242287737864,0.0119242287737864,0.0119242287737864,0.0,0.0,0.0,122616.17101655302
2023-01-19,127067.24823165468,38585.04658630632,215154.0621798501,127067.24823165468,127067.24823165468,0.0,0.0,0.0,0.0,0.0,0.0,0.0,0.0,0.0,0.0,0.0,0.0,0.0,0.0,0.0,0.0,0.0,0.0,0.0,0.0,0.0,0.0,0.0,0.0,0.0,0.0,0.0,0.0,0.0,0.0,0.0,0.0,0.0,0.0123495586656831,0.0123495586656831,0.0123495586656831,-3.356731099961916e-05,-3.356731099961916e-05,-3.356731099961916e-05,0.0123831259766827,0.0123831259766827,0.0123831259766827,0.0,0.0,0.0,128636.47266817844
2023-01-20,132930.09917369243,43670.71498484164,218117.7060927357,132930.09917369243,132930.09917369243,0.0,0.0,0.0,0.0,0.0,0.0,0.0,0.0,0.0,0.0,0.0,0.0,0.0,0.0,0.0,0.0,0.0,0.0,0.0,0.0,0.0,0.0,0.0,0.0,0.0,0.0,0.0,0.0,0.0,0.0,0.0,0.0,0.0,0.0128348672316085,0.0128348672316085,0.0128348672316085,-4.9837708207960975e-06,-4.9837708207960975e-06,-4.9837708207960975e-06,0.0128398510024293,0.0128398510024293,0.0128398510024293,0.0,0.0,0.0,134636.23934767133
2023-01-21,138792.9501157302,48779.693718203096,227457.37009209223,138792.9501157302,138792.9501157302,0.0,0.0,0.0,0.0,0.0,0.0,0.0,0.0,0.0,0.0,0.0,0.0,0.0,0.0,0.0,0.0,0.0,0.0,0.0,0.0,0.0,0.0,0.0,0.0,0.0,0.0,0.0,0.0,0.0,0.0,0.0,0.0,0.0,0.0139442412225543,0.0139442412225543,0.0139442412225543,0.0006527986307424,0.0006527986307424,0.0006527986307424,0.0132914425918119,0.0132914425918119,0.0132914425918119,0.0,0.0,0.0,140728.3124921339
2023-01-22,144655.80105776794,63874.914383711504,235628.8249476285,144655.80105776794,144655.80105776794,0.0,0.0,0.0,0.0,0.0,0.0,0.0,0.0,0.0,0.0,0.0,0.0,0.0,0.0,0.0,0.0,0.0,0.0,0.0,0.0,0.0,0.0,0.0,0.0,0.0,0.0,0.0,0.0,0.0,0.0,0.0,0.0,0.0,0.0150285814818681,0.0150285814818681,0.0150285814818681,0.0012943274964939,0.0012943274964939,0.0012943274964939,0.0137342539853742,0.0137342539853742,0.0137342539853742,0.0,0.0,0.0,146829.7725507895
2023-01-23,150518.6519998057,59790.16209719994,235557.68249095208,150518.6519998057,150518.6519998057,0.0,0.0,0.0,0.0,0.0,0.0,0.0,0.0,0.0,0.0,0.0,0.0,0.0,0.0,0.0,0.0,0.0,0.0,0.0,0.0,0.0,0.0,0.0,0.0,0.0,0.0,0.0,0.0,0.0,0.0,0.0,0.0,0.0,0.0134646566634846,0.0134646566634846,0.0134646566634846,-0.000699339119166,-0.000699339119166,-0.000699339119166,0.0141639957826507,0.0141639957826507,0.0141639957826507,0.0,0.0,0.0,152545.33397043362
2023-01-24,156381.50294184347,69359.83210764796,247689.7485783496,156381.50294184347,156381.50294184347,0.0,0.0,0.0,0.0,0.0,0.0,0.0,0.0,0.0,0.0,0.0,0.0,0.0,0.0,0.0,0.0,0.0,0.0,0.0,0.0,0.0,0.0,0.0,0.0,0.0,0.0,0.0,0.0,0.0,0.0,0.0,0.0,0.0,0.0136429207403753,0.0136429207403753,0.0136429207403753,-0.0009328826298009,-0.0009328826298009,-0.0009328826298009,0.0145758033701763,0.0145758033701763,0.0145758033701763,0.0,0.0,0.0,158515.00339173985
2023-01-25,162244.35388388124,76233.3719109763,254083.6680077288,162244.35388388124,162244.35388388124,0.0,0.0,0.0,0.0,0.0,0.0,0.0,0.0,0.0,0.0,0.0,0.0,0.0,0.0,0.0,0.0,0.0,0.0,0.0,0.0,0.0,0.0,0.0,0.0,0.0,0.0,0.0,0.0,0.0,0.0,0.0,0.0,0.0,0.0146879744346273,0.0146879744346273,0.0146879744346273,-0.0002763532964423,-0.0002763532964423,-0.0002763532964423,0.0149643277310697,0.0149643277310697,0.0149643277310697,0.0,0.0,0.0,164627.3948058903
2023-01-26,168107.20482591898,82617.47705248641,257104.7493840611,168107.20482591898,168107.20482591898,0.0,0.0,0.0,0.0,0.0,0.0,0.0,0.0,0.0,0.0,0.0,0.0,0.0,0.0,0.0,0.0,0.0,0.0,0.0,0.0,0.0,0.0,0.0,0.0,0.0,0.0,0.0,0.0,0.0,0.0,0.0,0.0,0.0,0.0152902803614612,0.0152902803614612,0.0152902803614612,-3.3567311000261126e-05,-3.3567311000261126e-05,-3.3567311000261126e-05,0.0153238476724615,0.0153238476724615,0.0153238476724615,0.0,0.0,0.0,170677.6111184889
2023-01-27,173970.05576795674,92093.80371993344,262345.70146907965,173970.05576795674,173970.05576795674,0.0,0.0,0.0,0.0,0.0,0.0,0.0,0.0,0.0,0.0,0.0,0.0,0.0,0.0,0.0,0.0,0.0,0.0,0.0,0.0,0.0,0.0,0.0,0.0,0.0,0.0,0.0,0.0,0.0,0.0,0.0,0.0,0.0,0.0156434170089857,0.0156434170089857,0.0156434170089857,-4.983770823437702e-06,-4.983770823437702e-06,-4.983770823437702e-06,0.0156484007798092,0.0156484007798092,0.0156484007798092,0.0,0.0,0.0,176691.54189741143
2023-01-28,179832.90670999448,96480.49875019726,268511.7534246393,179832.90670999448,179832.90670999448,0.0,0.0,0.0,0.0,0.0,0.0,0.0,0.0,0.0,0.0,0.0,0.0,0.0,0.0,0.0,0.0,0.0,0.0,0.0,0.0,0.0,0.0,0.0,0.0,0.0,0.0,0.0,0.0,0.0,0.0,0.0,0.0,0.0,0.016584728383187,0.016584728383187,0.016584728383187,0.0006527986307395,0.0006527986307395,0.0006527986307395,0.0159319297524474,0.0159319297524474,0.0159319297524474,0.0,0.0,0.0,182815.3866221388
2023-01-29,185695.75765203225,93922.69328116384,277874.64879876515,185695.75765203225,185695.75765203225,0.0,0.0,0.0,0.0,0.0,0.0,0.0,0.0,0.0,0.0,0.0,0.0,0.0,0.0,0.0,0.0,0.0,0.0,0.0,0.0,0.0,0.0,0.0,0.0,0.0,0.0,0.0,0.0,0.0,0.0,0.0,0.0,0.0,0.0174627677100833,0.0174627677100833,0.0174627677100833,0.0012943274964932,0.0012943274964932,0.0012943274964932,0.0161684402135901,0.0161684402135901,0.0161684402135901,0.0,0.0,0.0,188938.51953265764
2023-01-30,191558.60859407,111938.5226200203,284492.9766660594,191558.60859407,191558.60859407,0.0,0.0,0.0,0.0,0.0,0.0,0.0,0.0,0.0,0.0,0.0,0.0,0.0,0.0,0.0,0.0,0.0,0.0,0.0,0.0,0.0,0.0,0.0,0.0,0.0,0.0,0.0,0.0,0.0,0.0,0.0,0.0,0.0,0.0156528265198486,0.0156528265198486,0.0156528265198486,-0.0006993391191676,-0.0006993391191676,-0.0006993391191676,0.0163521656390163,0.0163521656390163,0.0163521656390163,0.0,0.0,0.0,194557.0422627766
2023-01-31,199075.2261592104,121513.23160897354,287142.62104567693,199075.2261592104,199075.2261592104,0.0,0.0,0.0,0.0,0.0,0.0,0.0,0.0,0.0,0.0,0.0,0.0,0.0,0.0,0.0,0.0,0.0,0.0,0.0,0.0,0.0,0.0,0.0,0.0,0.0,0.0,0.0,0.0,0.0,0.0,0.0,0.0,0.0,0.0155448520970398,0.0155448520970398,0.0155448520970398,-0.0009328826298009,-0.0009328826298009,-0.0009328826298009,0.0164777347268408,0.0164777347268408,0.0164777347268408,0.0,0.0,0.0,202169.8211060401
2023-02-01,206591.84372435077,121266.7266490146,294981.9739333799,206591.84372435077,206591.84372435077,0.0,0.0,0.0,0.0,0.0,0.0,0.0,0.0,0.0,0.0,0.0,0.0,0.0,0.0,0.0,0.0,0.0,0.0,0.0,0.0,0.0,0.0,0.0,0.0,0.0,0.0,0.0,0.0,0.0,0.0,0.0,0.0,0.0,0.0162639830509911,0.0162639830509911,0.0162639830509911,-0.0002763532964447,-0.0002763532964447,-0.0002763532964447,0.0165403363474359,0.0165403363474359,0.0165403363474359,0.0,0.0,0.0,209951.8499691566
2023-02-02,214108.46128949116,126035.04893674293,306163.9886655839,214108.46128949116,214108.46128949116,0.0,0.0,0.0,0.0,0.0,0.0,0.0,0.0,0.0,0.0,0.0,0.0,0.0,0.0,0.0,0.0,0.0,0.0,0.0,0.0,0.0,0.0,0.0,0.0,0.0,0.0,0.0,0.0,0.0,0.0,0.0,0.0,0.0,0.0165023098638725,0.0165023098638725,0.0165023098638725,-3.3567311000903096e-05,-3.3567311000903096e-05,-3.3567311000903096e-05,0.0165358771748734,0.0165358771748734,0.0165358771748734,0.0,0.0,0.0,217641.74546216728
2023-02-03,221625.0788546315,136270.9888129874,309807.18793576205,221625.0788546315,221625.0788546315,0.0,0.0,0.0,0.0,0.0,0.0,0.0,0.0,0.0,0.0,0.0,0.0,0.0,0.0,0.0,0.0,0.0,0.0,0.0,0.0,0.0,0.0,0.0,0.0,0.0,0.0,0.0,0.0,0.0,0.0,0.0,0.0,0.0,0.016456143441163,0.016456143441163,0.016456143441163,-4.983770821309115e-06,-4.983770821309115e-06,-4.983770821309115e-06,0.0164611272119844,0.0164611272119844,0.0164611272119844,0.0,0.0,0.0,225272.1729424224
2023-02-04,229141.69641977185,135628.04647984647,319669.4683957283,229141.69641977185,229141.69641977185,0.0,0.0,0.0,0.0,0.0,0.0,0.0,0.0,0.0,0.0,0.0,0.0,0.0,0.0,0.0,0.0,0.0,0.0,0.0,0.0,0.0,0.0,0.0,0.0,0.0,0.0,0.0,0.0,0.0,0.0,0.0,0.0,0.0,0.0169666473092095,0.0169666473092095,0.0169666473092095,0.0006527986307392,0.0006527986307392,0.0006527986307392,0.0163138486784703,0.0163138486784703,0.0163138486784703,0.0,0.0,0.0,233029.4627667601
2023-02-05,236658.3139849122,150785.37309967386,322715.8041576756,236658.3139849122,236658.3139849122,0.0,0.0,0.0,0.0,0.0,0.0,0.0,0.0,0.0,0.0,0.0,0.0,0.0,0.0,0.0,0.0,0.0,0.0,0.0,0.0,0.0,0.0,0.0,0.0,0.0,0.0,0.0,0.0,0.0,0.0,0.0,0.0,0.0,0.0173872316256696,0.0173872316256696,0.0173872316256696,0.0012943274964924,0.0012943274964924,0.0012943274964924,0.0160929041291772,0.0160929041291772,0.0160929041291772,0.0,0.0,0.0,240773.1469063084
2023-02-06,244174.93155005257,160059.68307732756,336763.6981419325,244174.93155005257,244174.93155005257,0.0,0.0,0.0,0.0,0.0,0.0,0.0,0.0,0.0,0.0,0.0,0.0,0.0,0.0,0.0,0.0,0.0,0.0,0.0,0.0,0.0,0.0,0.0,0.0,0.0,0.0,0.0,0.0,0.0,0.0,0.0,0.0,0.0,0.0150990010779807,0.0150990010779807,0.0150990010779807,-0.0006993391191687,-0.0006993391191687,-0.0006993391191687,0.0157983401971494,0.0157983401971494,0.0157983401971494,0.0,0.0,0.0,247861.7291047427
2023-02-07,251691.5491151929,162919.05989477976,348252.2660023301,251691.5491151929,251691.5491151929,0.0,0.0,0.0,0.0,0.0,0.0,0.0,0.0,0.0,0.0,0.0,0.0,0.0,0.0,0.0,0.0,0.0,0.0,0.0,0.0,0.0,0.0,0.0,0.0,0.0,0.0,0.0,0.0,0.0,0.0,0.0,0.0,0.0,0.0144985613689018,0.0144985613689018,0.0144985613689018,-0.0009328826298015,-0.0009328826298015,-0.0009328826298015,0.0154314439987034,0.0154314439987034,0.0154314439987034,0.0,0.0,0.0,255340.71448607356
2023-02-08,259208.1666803333,170203.051646811,350495.4953914288,259208.1666803333,259208.1666803333,0.0,0.0,0.0,0.0,0.0,0.0,0.0,0.0,0.0,0.0,0.0,0.0,0.0,0.0,0.0,0.0,0.0,0.0,0.0,0.0,0.0,0.0,0.0,0.0,0.0,0.0,0.0,0.0,0.0,0.0,0.0,0.0,0.0,0.0147184166809002,0.0147184166809002,0.0147184166809002,-0.0002763532964454,-0.0002763532964454,-0.0002763532964454,0.0149947699773456,0.0149947699773456,0.0149947699773456,0.0,0.0,0.0,263023.30048462667
2023-02-09,266724.7842454737,183757.96830323405,363112.60965476814,266724.7842454737,266724.7842454737,0.0,0.0,0.0,0.0,0.0,0.0,0.0,0.0,0.0,0.0,0.0,0.0,0.0,0.0,0.0,0.0,0.0,0.0,0.0,0.0,0.0,0.0,0.0,0.0,0.0,0.0,0.0,0.0,0.0,0.0,0.0,0.0,0.0,0.0144585684676074,0.0144585684676074,0.0144585684676074,-3.3567311001545066e-05,-3.3567311001545066e-05,-3.3567311001545066e-05,0.014492135778609,0.014492135778609,0.014492135778609,0.0,0.0,0.0,270581.2428004947
2023-02-10,274241.40181061404,189075.70806635392,358117.6862991123,274241.40181061404,274241.40181061404,0.0,0.0,0.0,0.0,0.0,0.0,0.0,0.0,0.0,0.0,0.0,0.0,0.0,0.0,0.0,0.0,0.0,0.0,0.0,0.0,0.0,0.0,0.0,0.0,0.0,0.0,0.0,0.0,0.0,0.0,0.0,0.0,0.0,0.0139236028441394,0.0139236028441394,0.0139236028441394,-4.983770822101233e-06,-4.983770822101233e-06,-4.983770822101233e-06,0.0139285866149615,0.0139285866149615,0.0139285866149615,0.0,0.0,0.0,278059.8301728451
2023-02-11,281758.0193757544,198715.2422404792,375078.49257879006,281758.0193757544,281758.0193757544,0.0,0.0,0.0,0.0,0.0,0.0,0.0,0.0,0.0,0.0,0.0,0.0,0.0,0.0,0.0,0.0,0.0,0.0,0.0,0.0,0.0,0.0,0.0,0.0,0.0,0.0,0.0,0.0,0.0,0.0,0.0,0.0,0.0,0.0139631271042033,0.0139631271042033,0.0139631271042033,0.0006527986307407,0.0006527986307407,0.0006527986307407,0.0133103284734625,0.0133103284734625,0.0133103284734625,0.0,0.0,0.0,285692.24241292663
2023-02-12,289274.6369408948,204087.2542433828,373354.9429057205,289274.6369408948,289274.6369408948,0.0,0.0,0.0,0.0,0.0,0.0,0.0,0.0,0.0,0.0,0.0,0.0,0.0,0.0,0.0,0.0,0.0,0.0,0.0,0.0,0.0,0.0,0.0,0.0,0.0,0.0,0.0,0.0,0.0,0.0,0.0,0.0,0.0,0.0139389589087415,0.0139389589087415,0.0139389589087415,0.0012943274964955,0.0012943274964955,0.0012943274964955,0.012644631412246,0.012644631412246,0.012644631412246,0.0,0.0,0.0,293306.824218555
2023-02-13,296791.2545060351,207124.9281525133,393543.0549486661,296791.2545060351,296791.2545060351,0.0,0.0,0.0,0.0,0.0,0.0,0.0,0.0,0.0,0.0,0.0,0.0,0.0,0.0,0.0,0.0,0.0,0.0,0.0,0.0,0.0,0.0,0.0,0.0,0.0,0.0,0.0,0.0,0.0,0.0,0.0,0.0,0.0,0.0112403659393845,0.0112403659393845,0.0112403659393845,-0.0006993391191697,-0.0006993391191697,-0.0006993391191697,0.0119397050585543,0.0119397050585543,0.0119397050585543,0.0,0.0,0.0,300127.296814292
2023-02-14,304307.8720711755,220462.2929365121,397050.9282392988,304307.8720711755,304307.8720711755,0.0,0.0,0.0,0.0,0.0,0.0,0.0,0.0,0.0,0.0,0.0,0.0,0.0,0.0,0.0,0.0,0.0,0.0,0.0,0.0,0.0,0.0,0.0,0.0,0.0,0.0,0.0,0.0,0.0,0.0,0.0,0.0,0.0,0.0102716666050088,0.0102716666050088,0.0102716666050088,-0.0009328826298038,-0.0009328826298038,-0.0009328826298038,0.0112045492348127,0.0112045492348127,0.0112045492348127,0.0,0.0,0.0,307433.6210783703
2023-02-15,311824.48963631585,231111.84821154663,400936.3182348584,311824.48963631585,311824.48963631585,0.0,0.0,0.0,0.0,0.0,0.0,0.0,0.0,0.0,0.0,0.0,0.0,0.0,0.0,0.0,0.0,0.0,0.0,0.0,0.0,0.0,0.0,0.0,0.0,0.0,0.0,0.0,0.0,0.0,0.0,0.0,0.0,0.0,0.0101724300791218,0.0101724300791218,0.0101724300791218,-0.0002763532964428,-0.0002763532964428,-0.0002763532964428,0.0104487833755646,0.0104487833755646,0.0104487833755646,0.0,0.0,0.0,314996.50245409907
2023-02-16,319341.10720145627,233809.4346483177,414034.7175198295,319341.10720145627,319341.10720145627,0.0,0.0,0.0,0.0,0.0,0.0,0.0,0.0,0.0,0.0,0.0,0.0,0.0,0.0,0.0,0.0,0.0,0.0,0.0,0.0,0.0,0.0,0.0,0.0,0.0,0.0,0.0,0.0,0.0,0.0,0.0,0.0,0.0,0.0096488917233851,0.0096488917233851,0.0096488917233851,-3.3567311000478875e-05,-3.3567311000478875e-05,-3.3567311000478875e-05,0.0096824590343855,0.0096824590343855,0.0096824590343855,0.0,0.0,0.0,322422.394967669
2023-02-17,326857.7247665966,236691.91750277305,420438.3473906865,326857.7247665966,326857.7247665966,0.0,0.0,0.0,0.0,0.0,0.0,0.0,0.0,0.0,0.0,0.0,0.0,0.0,0.0,0.0,0.0,0.0,0.0,0.0,0.0,0.0,0.0,0.0,0.0,0.0,0.0,0.0,0.0,0.0,0.0,0.0,0.0,0.0,0.0089108765256437,0.0089108765256437,0.0089108765256437,-4.9837708214328495e-06,-4.9837708214328495e-06,-4.9837708214328495e-06,0.0089158602964651,0.0089158602964651,0.0089158602964651,0.0,0.0,0.0,329770.31359344465
2023-02-18,334374.34233173693,247865.52138256657,421987.7426159884,334374.34233173693,334374.34233173693,0.0,0.0,0.0,0.0,0.0,0.0,0.0,0.0,0.0,0.0,0.0,0.0,0.0,0.0,0.0,0.0,0.0,0.0,0.0,0.0,0.0,0.0,0.0,0.0,0.0,0.0,0.0,0.0,0.0,0.0,0.0,0.0,0.0,0.0088120959240289,0.0088120959240289,0.0088120959240289,0.0006527986307422,0.0006527986307422,0.0006527986307422,0.0081592972932867,0.0081592972932867,0.0081592972932867,0.0,0.0,0.0,337320.8811108983
2023-02-19,341890.9598968773,259172.7205241612,433685.60656003095,341890.9598968773,341890.9598968773,0.0,0.0,0.0,0.0,0.0,0.0,0.0,0.0,0.0,0.0,0.0,0.0,0.0,0.0,0.0,0.0,0.0,0.0,0.0,0.0,0.0,0.0,0.0,0.0,0.0,0.0,0.0,0.0,0.0,0.0,0.0,0.0,0.0,0.0087172257448888,0.0087172257448888,0.0087172257448888,0.0012943274964946,0.0012943274964946,0.0012943274964946,0.0074228982483941,0.0074228982483941,0.0074228982483941,0.0,0.0,0.0,344871.30057443515
2023-02-20,349407.57746201765,261382.57054296188,441445.3229484367,349407.57746201765,349407.57746201765,0.0,0.0,0.0,0.0,0.0,0.0,0.0,0.0,0.0,0.0,0.0,0.0,0.0,0.0,0.0,0.0,0.0,0.0,0.0,0.0,0.0,0.0,0.0,0.0,0.0,0.0,0.0,0.0,0.0,0.0,0.0,0.0,0.0,0.0060170664405437,0.0060170664405437,0.0060170664405437,-0.0006993391191707,-0.0006993391191707,-0.0006993391191707,0.0067164055597145,0.0067164055597145,0.0067164055597145,0.0,0.0,0.0,351509.986070436
2023-02-21,356924.195027158,271607.10825134924,445407.6328157414,356924.195027158,356924.195027158,0.0,0.0,0.0,0.0,0.0,0.0,0.0,0.0,0.0,0.0,0.0,0.0,0.0,0.0,0.0,0.0,0.0,0.0,0.0,0.0,0.0,0.0,0.0,0.0,0.0,0.0,0.0,0.0,0.0,0.0,0.0,0.0,0.0,0.0051160987111888,0.0051160987111888,0.0051160987111888,-0.0009328826298025,-0.0009328826298025,-0.0009328826298025,0.0060489813409914,0.0060489813409914,0.0060489813409914,0.0,0.0,0.0,358750.2544413286
2023-02-22,364440.8125922984,276995.1959032224,449884.3403595997,364440.8125922984,364440.8125922984,0.0,0.0,0.0,0.0,0.0,0.0,0.0,0.0,0.0,0.0,0.0,0.0,0.0,0.0,0.0,0.0,0.0,0.0,0.0,0.0,0.0,0.0,0.0,0.0,0.0,0.0,0.0,0.0,0.0,0.0,0.0,0.0,0.0,0.0051526743075929,0.0051526743075929,0.0051526743075929,-0.0002763532964434,-0.0002763532964434,-0.0002763532964434,0.0054290276040364,0.0054290276040364,0.0054290276040364,0.0,0.0,0.0,366318.657403981
2023-02-23,371957.4301574388,281273.6533258867,462273.6145915041,371957.4301574388,371957.4301574388,0.0,0.0,0.0,0.0,0.0,0.0,0.0,0.0,0.0,0.0,0.0,0.0,0.0,0.0,0.0,0.0,0.0,0.0,0.0,0.0,0.0,0.0,0.0,0.0,0.0,0.0,0.0,0.0,0.0,0.0,0.0,0.0,0.0,0.0048304585598797,0.0048304585598797,0.0048304585598797,-3.3567310999726784e-05,-3.3567310999726784e-05,-3.3567310999726784e-05,0.0048640258708794,0.0048640258708794,0.0048640258708794,0.0,0.0,0.0,373754.15510985366
2023-02-24,379474.0477225791,295662.04071596335,470604.0273359493,379474.0477225791,379474.0477225791,0.0,0.0,0.0,0.0,0.0,0.0,0.0,0.0,0.0,0.0,0.0,0.0,0.0,0.0,0.0,0.0,0.0,0.0,0.0,0.0,0.0,0.0,0.0,0.0,0.0,0.0,0.0,0.0,0.0,0.0,0.0,0.0,0.0,0.004355416700242,0.004355416700242,0.004355416700242,-4.98377082261425e-06,-4.98377082261425e-06,-4.98377082261425e-06,0.0043604004710646,0.0043604004710646,0.0043604004710646,0.0,0.0,0.0,381126.81532733847
2023-02-25,386990.66528771946,303760.04360203573,475877.0299722241,386990.66528771946,386990.66528771946,0.0,0.0,0.0,0.0,0.0,0.0,0.0,0.0,0.0,0.0,0.0,0.0,0.0,0.0,0.0,0.0,0.0,0.0,0.0,0.0,0.0,0.0,0.0,0.0,0.0,0.0,0.0,0.0,0.0,0.0,0.0,0.0,0.0,0.0045762077502422,0.0045762077502422,0.0045762077502422,0.0006527986307419,0.0006527986307419,0.0006527986307419,0.0039234091195003,0.0039234091195003,0.0039234091195003,0.0,0.0,0.0,388761.61496948055
2023-02-26,394507.2828528599,300007.24934456294,483246.5629533681,394507.2828528599,394507.2828528599,0.0,0.0,0.0,0.0,0.0,0.0,0.0,0.0,0.0,0.0,0.0,0.0,0.0,0.0,0.0,0.0,0.0,0.0,0.0,0.0,0.0,0.0,0.0,0.0,0.0,0.0,0.0,0.0,0.0,0.0,0.0,0.0,0.0,0.0048513910994545,0.0048513910994545,0.0048513910994545,0.0012943274964942,0.0012943274964942,0.0012943274964942,0.0035570636029602,0.0035570636029602,0.0035570636029602,0.0,0.0,0.0,396421.19197356224
2023-02-27,402023.9004180002,319437.72914658097,492303.7701148218,402023.9004180002,402023.9004180002,0.0,0.0,0.0,0.0,0.0,0.0,0.0,0.0,0.0,0.0,0.0,0.0,0.0,0.0,0.0,0.0,0.0,0.0,0.0,0.0,0.0,0.0,0.0,0.0,0.0,0.0,0.0,0.0,0.0,0.0,0.0,0.0,0.0,0.002564743431704,0.002564743431704,0.002564743431704,-0.0006993391191723,-0.0006993391191723,-0.0006993391191723,0.0032640825508764,0.0032640825508764,0.0032640825508764,0.0,0.0,0.0,403054.9885759853
2023-02-28,409540.5179831406,316180.4029279175,495462.9149695757,409540.5179831406,409540.5179831406,0.0,0.0,0.0,0.0,0.0,0.0,0.0,0.0,0.0,0.0,0.0,0.0,0.0,0.0,0.0,0.0,0.0,0.0,0.0,0.0,0.0,0.0,0.0,0.0,0.0,0.0,0.0,0.0,0.0,0.0,0.0,0.0,0.0,0.0021129947232768,0.0021129947232768,0.0021129947232768,-0.0009328826298043,-0.0009328826298043,-0.0009328826298043,0.0030458773530811,0.0030458773530811,0.0030458773530811,0.0,0.0,0.0,410405.874936607
2023-03-01,417057.135548281,325966.0134435774,504275.227553243,417057.135548281,417057.135548281,0.0,0.0,0.0,0.0,0.0,0.0,0.0,0.0,0.0,0.0,0.0,0.0,0.0,0.0,0.0,0.0,0.0,0.0,0.0,0.0,0.0,0.0,0.0,0.0,0.0,0.0,0.0,0.0,0.0,0.0,0.0,0.0,0.0,0.0026262180439159,0.0026262180439159,0.0026262180439159,-0.0002763532964441,-0.0002763532964441,-0.0002763532964441,0.00290257134036,0.00290257134036,0.00290257134036,0.0,0.0,0.0,418152.4185230018
2023-03-02,426134.0247884517,332981.141753932,514642.6061453088,426134.0247884517,426134.0247884517,0.0,0.0,0.0,0.0,0.0,0.0,0.0,0.0,0.0,0.0,0.0,0.0,0.0,0.0,0.0,0.0,0.0,0.0,0.0,0.0,0.0,0.0,0.0,0.0,0.0,0.0,0.0,0.0,0.0,0.0,0.0,0.0,0.0,0.0027994840799396,0.0027994840799396,0.0027994840799396,-3.356731099866059e-05,-3.356731099866059e-05,-3.356731099866059e-05,0.0028330513909383,0.0028330513909383,0.0028330513909383,0.0,0.0,0.0,427326.9802067676
2023-03-03,435210.9140286223,344034.86527194415,521778.529716672,435210.9140286223,435210.9140286223,0.0,0.0,0.0,0.0,0.0,0.0,0.0,0.0,0.0,0.0,0.0,0.0,0.0,0.0,0.0,0.0,0.0,0.0,0.0,0.0,0.0,0.0,0.0,0.0,0.0,0.0,0.0,0.0,0.0,0.0,0.0,0.0,0.0,0.0028300664245737,0.0028300664245737,0.0028300664245737,-4.983770821945948e-06,-4.983770821945948e-06,-4.983770821945948e-06,0.0028350501953956,0.0028350501953956,0.0028350501953956,0.0,0.0,0.0,436442.5898240227
2023-03-04,444287.8032687929,353184.78363287554,530421.0167381484,444287.8032687929,444287.8032687929,0.0,0.0,0.0,0.0,0.0,0.0,0.0,0.0,0.0,0.0,0.0,0.0,0.0,0.0,0.0,0.0,0.0,0.0,0.0,0.0,0.0,0.0,0.0,0.0,0.0,0.0,0.0,0.0,0.0,0.0,0.0,0.0,0.0,0.0035580551624516,0.0035580551624516,0.0035580551624516,0.0006527986307434,0.0006527986307434,0.0006527986307434,0.0029052565317082,0.0029052565317082,0.0029052565317082,0.0,0.0,0.0,445868.6037808278
2023-03-05,453364.6925089635,369267.0194226597,545423.0429680614,453364.6925089635,453364.6925089635,0.0,0.0,0.0,0.0,0.0,0.0,0.0,0.0,0.0,0.0,0.0,0.0,0.0,0.0,0.0,0.0,0.0,0.0,0.0,0.0,0.0,0.0,0.0,0.0,0.0,0.0,0.0,0.0,0.0,0.0,0.0,0.0,0.0,0.0043337775938514,0.0043337775938514,0.0043337775938514,0.0012943274964934,0.0012943274964934,0.0012943274964934,0.003039450097358,0.003039450097358,0.003039450097358,0.0,0.0,0.0,455329.4742552022
2023-03-06,462441.5817491342,370976.87729143526,551427.718138069,462441.5817491342,462441.5817491342,0.0,0.0,0.0,0.0,0.0,0.0,0.0,0.0,0.0,0.0,0.0,0.0,0.0,0.0,0.0,0.0,0.0,0.0,0.0,0.0,0.0,0.0,0.0,0.0,0.0,0.0,0.0,0.0,0.0,0.0,0.0,0.0,0.0,0.0025333176217397,0.0025333176217397,0.0025333176217397,-0.000699339119167,-0.000699339119167,-0.000699339119167,0.0032326567409068,0.0032326567409068,0.0032326567409068,0.0,0.0,0.0,463613.0931572045
2023-03-07,471518.4709893048,382081.0388495383,561268.8096069272,471518.4709893048,471518.4709893048,0.0,0.0,0.0,0.0,0.0,0.0,0.0,0.0,0.0,0.0,0.0,0.0,0.0,0.0,0.0,0.0,0.0,0.0,0.0,0.0,0.0,0.0,0.0,0.0,0.0,0.0,0.0,0.0,0.0,0.0,0.0,0.0,0.0,0.0025464367225664,0.0025464367225664,0.0025464367225664,-0.0009328826298031,-0.0009328826298031,-0.0009328826298031,0.0034793193523695,0.0034793193523695,0.0034793193523695,0.0,0.0,0.0,472719.1629392004
2023-03-08,480595.36022947537,395420.6719492945,567722.5535363326,480595.36022947537,480595.36022947537,0.0,0.0,0.0,0.0,0.0,0.0,0.0,0.0,0.0,0.0,0.0,0.0,0.0,0.0,0.0,0.0,0.0,0.0,0.0,0.0,0.0,0.0,0.0,0.0,0.0,0.0,0.0,0.0,0.0,0.0,0.0,0.0,0.0,0.003497125931487,0.003497125931487,0.003497125931487,-0.0002763532964414,-0.0002763532964414,-0.0002763532964414,0.0037734792279285,0.0037734792279285,0.0037734792279285,0.0,0.0,0.0,482276.06272628624
2023-03-09,489672.2494696461,408466.6792379561,579297.2999210728,489672.2494696461,489672.2494696461,0.0,0.0,0.0,0.0,0.0,0.0,0.0,0.0,0.0,0.0,0.0,0.0,0.0,0.0,0.0,0.0,0.0,0.0,0.0,0.0,0.0,0.0,0.0,0.0,0.0,0.0,0.0,0.0,0.0,0.0,0.0,0.0,0.0,0.0040753951226713,0.0040753951226713,0.0040753951226713,-3.3567311001010723e-05,-3.3567311001010723e-05,-3.3567311001010723e-05,0.0041089624336723,0.0041089624336723,0.0041089624336723,0.0,0.0,0.0,491667.85736684216
2023-03-10,498749.13870981673,406888.90914884594,590460.8865609001,498749.13870981673,498749.13870981673,0.0,0.0,0.0,0.0,0.0,0.0,0.0,0.0,0.0,0.0,0.0,0.0,0.0,0.0,0.0,0.0,0.0,0.0,0.0,0.0,0.0,0.0,0.0,0.0,0.0,0.0,0.0,0.0,0.0,0.0,0.0,0.0,0.0,0.0044745817935942,0.0044745817935942,0.0044745817935942,-4.983770821277673e-06,-4.983770821277673e-06,-4.983770821277673e-06,0.0044795655644155,0.0044795655644155,0.0044795655644155,0.0,0.0,0.0,500980.8325254585
2023-03-11,507826.0279499873,426656.2795571697,595608.0124565047,507826.0279499873,507826.0279499873,0.0,0.0,0.0,0.0,0.0,0.0,0.0,0.0,0.0,0.0,0.0,0.0,0.0,0.0,0.0,0.0,0.0,0.0,0.0,0.0,0.0,0.0,0.0,0.0,0.0,0.0,0.0,0.0,0.0,0.0,0.0,0.0,0.0,0.0055320339623422,0.0055320339623422,0.0055320339623422,0.0006527986307396,0.0006527986307396,0.0006527986307396,0.0048792353316025,0.0048792353316025,0.0048792353316025,0.0,0.0,0.0,510635.338783568
2023-03-12,516902.917190158,436280.746592989,607037.0006284468,516902.917190158,516902.917190158,0.0,0.0,0.0,0.0,0.0,0.0,0.0,0.0,0.0,0.0,0.0,0.0,0.0,0.0,0.0,0.0,0.0,0.0,0.0,0.0,0.0,0.0,0.0,0.0,0.0,0.0,0.0,0.0,0.0,0.0,0.0,0.0,0.0,0.00659656411491,0.00659656411491,0.00659656411491,0.0012943274964926,0.0012943274964926,0.0012943274964926,0.0053022366184174,0.0053022366184174,0.0053022366184174,0.0,0.0,0.0,520312.70042458695
2023-03-13,525979.8064303285,439725.183047345,612227.5206949309,525979.8064303285,525979.8064303285,0.0,0.0,0.0,0.0,0.0,0.0,0.0,0.0,0.0,0.0,0.0,0.0,0.0,0.0,0.0,0.0,0.0,0.0,0.0,0.0,0.0,0.0,0.0,0.0,0.0,0.0,0.0,0.0,0.0,0.0,0.0,0.0,0.0,0.005043964885872,0.005043964885872,0.005043964885872,-0.000699339119168,-0.000699339119168,-0.000699339119168,0.0057433040050401,0.0057433040050401,0.0057433040050401,0.0,0.0,0.0,528632.8301046408
2023-03-14,535056.6956704991,456600.3386938414,634522.5592151014,535056.6956704991,535056.6956704991,0.0,0.0,0.0,0.0,0.0,0.0,0.0,0.0,0.0,0.0,0.0,0.0,0.0,0.0,0.0,0.0,0.0,0.0,0.0,0.0,0.0,0.0,0.0,0.0,0.0,0.0,0.0,0.0,0.0,0.0,0.0,0.0,0.0,0.0052648896524158,0.0052648896524158,0.0052648896524158,-0.000932882629803,-0.000932882629803,-0.000932882629803,0.0061977722822189,0.0061977722822189,0.0061977722822189,0.0,0.0,0.0,537873.7101309906
2023-03-15,544133.5849106697,462849.8358777197,639416.068359953,544133.5849106697,544133.5849106697,0.0,0.0,0.0,0.0,0.0,0.0,0.0,0.0,0.0,0.0,0.0,0.0,0.0,0.0,0.0,0.0,0.0,0.0,0.0,0.0,0.0,0.0,0.0,0.0,0.0,0.0,0.0,0.0,0.0,0.0,0.0,0.0,0.0,0.0063853288257792,0.0063853288257792,0.0063853288257792,-0.0002763532964421,-0.0002763532964421,-0.0002763532964421,0.0066616821222213,0.0066616821222213,0.0066616821222213,0.0,0.0,0.0,547608.0567754743
2023-03-16,553210.4741508403,468334.2702252209,651803.9936057449,553210.4741508403,553210.4741508403,0.0,0.0,0.0,0.0,0.0,0.0,0.0,0.0,0.0,0.0,0.0,0.0,0.0,0.0,0.0,0.0,0.0,0.0,0.0,0.0,0.0,0.0,0.0,0.0,0.0,0.0,0.0,0.0,0.0,0.0,0.0,0.0,0.0,0.0070982905329726,0.0070982905329726,0.0070982905329726,-3.356731099994453e-05,-3.356731099994453e-05,-3.356731099994453e-05,0.0071318578439725,0.0071318578439725,0.0071318578439725,0.0,0.0,0.0,557137.3228222465
2023-03-17,562287.363391011,481658.0939587616,657112.5052463777,562287.363391011,562287.363391011,0.0,0.0,0.0,0.0,0.0,0.0,0.0,0.0,0.0,0.0,0.0,0.0,0.0,0.0,0.0,0.0,0.0,0.0,0.0,0.0,0.0,0.0,0.0,0.0,0.0,0.0,0.0,0.0,0.0,0.0,0.0,0.0,0.0,0.0076009713003626,0.0076009713003626,0.0076009713003626,-4.983770820609371e-06,-4.983770820609371e-06,-4.983770820609371e-06,0.0076059550711832,0.0076059550711832,0.0076059550711832,0.0,0.0,0.0,566561.2935027027
2023-03-18,571364.2526311817,485034.2108056266,665289.9823642931,571364.2526311817,571364.2526311817,0.0,0.0,0.0,0.0,0.0,0.0,0.0,0.0,0.0,0.0,0.0,0.0,0.0,0.0,0.0,0.0,0.0,0.0,0.0,0.0,0.0,0.0,0.0,0.0,0.0,0.0,0.0,0.0,0.0,0.0,0.0,0.0,0.0,0.0087352756440209,0.0087352756440209,0.0087352756440209,0.0006527986307411,0.0006527986307411,0.0006527986307411,0.0080824770132797,0.0080824770132797,0.0080824770132797,0.0,0.0,0.0,576355.2768710551
2023-03-19,580441.1418713523,502012.519747596,679669.944746664,580441.1418713523,580441.1418713523,0.0,0.0,0.0,0.0,0.0,0.0,0.0,0.0,0.0,0.0,0.0,0.0,0.0,0.0,0.0,0.0,0.0,0.0,0.0,0.0,0.0,0.0,0.0,0.0,0.0,0.0,0.0,0.0,0.0,0.0,0.0,0.0,0.0,0.009855086567838,0.009855086567838,0.009855086567838,0.0012943274964922,0.0012943274964922,0.0012943274964922,0.0085607590713457,0.0085607590713457,0.0085607590713457,0.0,0.0,0.0,586161.4395720292
2023-03-20,589518.0311115229,512196.7973770809,677543.4857684568,589518.0311115229,589518.0311115229,0.0,0.0,0.0,0.0,0.0,0.0,0.0,0.0,0.0,0.0,0.0,0.0,0.0,0.0,0.0,0.0,0.0,0.0,0.0,0.0,0.0,0.0,0.0,0.0,0.0,0.0,0.0,0.0,0.0,0.0,0.0,0.0,0.0,0.0083415833370577,0.0083415833370577,0.0083415833370577,-0.0006993391191685,-0.0006993391191685,-0.0006993391191685,0.0090409224562262,0.0090409224562262,0.0090409224562262,0.0,0.0,0.0,594435.5448967379
2023-03-21,598594.9203516935,520331.4866315033,698010.6887994386,598594.9203516935,598594.9203516935,0.0,0.0,0.0,0.0,0.0,0.0,0.0,0.0,0.0,0.0,0.0,0.0,0.0,0.0,0.0,0.0,0.0,0.0,0.0,0.0,0.0,0.0,0.0,0.0,0.0,0.0,0.0,0.0,0.0,0.0,0.0,0.0,0.0,0.0085909158440886,0.0085909158440886,0.0085909158440886,-0.0009328826298029,-0.0009328826298029,-0.0009328826298029,0.0095237984738916,0.0095237984738916,0.0095237984738916,0.0,0.0,0.0,603737.3989371338
2023-03-22,607671.8095918642,531948.370252456,706210.2143090568,607671.8095918642,607671.8095918642,0.0,0.0,0.0,0.0,0.0,0.0,0.0,0.0,0.0,0.0,0.0,0.0,0.0,0.0,0.0,0.0,0.0,0.0,0.0,0.0,0.0,0.0,0.0,0.0,0.0,0.0,0.0,0.0,0.0,0.0,0.0,0.0,0.0,0.0097344727586785,0.0097344727586785,0.0097344727586785,-0.0002763532964445,-0.0002763532964445,-0.0002763532964445,0.010010826055123,0.010010826055123,0.010010826055123,0.0,0.0,0.0,613587.1742685531
2023-03-23,616748.6988320348,533390.7939903609,705068.5078974074,616748.6988320348,616748.6988320348,0.0,0.0,0.0,0.0,0.0,0.0,0.0,0.0,0.0,0.0,0.0,0.0,0.0,0.0,0.0,0.0,0.0,0.0,0.0,0.0,0.0,0.0,0.0,0.0,0.0,0.0,0.0,0.0,0.0,0.0,0.0,0.0,0.0,0.010470358643665,0.010470358643665,0.010470358643665,-3.356731099887834e-05,-3.356731099887834e-05,-3.356731099887834e-05,0.0105039259546639,0.0105039259546639,0.0105039259546639,0.0,0.0,0.0,623206.27890182
2023-03-24,625825.5880722054,536754.511826432,724389.4409951848,625825.5880722054,625825.5880722054,0.0,0.0,0.0,0.0,0.0,0.0,0.0,0.0,0.0,0.0,0.0,0.0,0.0,0.0,0.0,0.0,0.0,0.0,0.0,0.0,0.0,0.0,0.0,0.0,0.0,0.0,0.0,0.0,0.0,0.0,0.0,0.0,0.0,0.0110003720225063,0.0110003720225063,0.0110003720225063,-4.983770821401489e-06,-4.983770821401489e-06,-4.983770821401489e-06,0.0110053557933277,0.0110053557933277,0.0110053557933277,0.0,0.0,0.0,632709.9023622035
2023-03-25,634902.477312376,546567.5422913347,726554.508340255,634902.477312376,634902.477312376,0.0,0.0,0.0,0.0,0.0,0.0,0.0,0.0,0.0,0.0,0.0,0.0,0.0,0.0,0.0,0.0,0.0,0.0,0.0,0.0,0.0,0.0,0.0,0.0,0.0,0.0,0.0,0.0,0.0,0.0,0.0,0.0,0.0,0.0121703493729925,0.0121703493729925,0.0121703493729925,0.0006527986307417,0.0006527986307417,0.0006527986307417,0.0115175507422507,0.0115175507422507,0.0115175507422507,0.0,0.0,0.0,642629.4622790461
2023-03-26,643979.3665525466,558686.7225339726,736623.3797626379,643979.3665525466,643979.3665525466,0.0,0.0,0.0,0.0,0.0,0.0,0.0,0.0,0.0,0.0,0.0,0.0,0.0,0.0,0.0,0.0,0.0,0.0,0.0,0.0,0.0,0.0,0.0,0.0,0.0,0.0,0.0,0.0,0.0,0.0,0.0,0.0,0.0,0.0133372826284531,0.0133372826284531,0.0133372826284531,0.0012943274964914,0.0012943274964914,0.0012943274964914,0.0120429551319617,0.0120429551319617,0.0120429551319617,0.0,0.0,0.0,652568.3013711501
2023-03-27,653056.2557927173,578989.9947872541,751786.5652957568,653056.2557927173,653056.2557927173,0.0,0.0,0.0,0.0,0.0,0.0,0.0,0.0,0.0,0.0,0.0,0.0,0.0,0.0,0.0,0.0,0.0,0.0,0.0,0.0,0.0,0.0,0.0,0.0,0.0,0.0,0.0,0.0,0.0,0.0,0.0,0.0,0.0,0.0118845114758266,0.0118845114758266,0.0118845114758266,-0.0006993391191637,-0.0006993391191637,-0.0006993391191637,0.0125838505949904,0.0125838505949904,0.0125838505949904,0.0,0.0,0.0,660817.5103590463
2023-03-28,662133.1450328879,580385.7238394818,750390.700051364,662133.1450328879,662133.1450328879,0.0,0.0,0.0,0.0,0.0,0.0,0.0,0.0,0.0,0.0,0.0,0.0,0.0,0.0,0.0,0.0,0.0,0.0,0.0,0.0,0.0,0.0,0.0,0.0,0.0,0.0,0.0,0.0,0.0,0.0,0.0,0.0,0.0,0.0122093038786344,0.0122093038786344,0.0122093038786344,-0.0009328826298029,-0.0009328826298029,-0.0009328826298029,0.0131421865084373,0.0131421865084373,0.0131421865084373,0.0,0.0,0.0,670217.3298087104
2023-03-29,671210.0342730585,589132.5752401918,768946.212681474,671210.0342730585,671210.0342730585,0.0,0.0,0.0,0.0,0.0,0.0,0.0,0.0,0.0,0.0,0.0,0.0,0.0,0.0,0.0,0.0,0.0,0.0,0.0,0.0,0.0,0.0,0.0,0.0,0.0,0.0,0.0,0.0,0.0,0.0,0.0,0.0,0.0,0.0134430651901279,0.0134430651901279,0.0134430651901279,-0.0002763532964451,-0.0002763532964451,-0.0002763532964451,0.013719418486573,0.013719418486573,0.013719418486573,0.0,0.0,0.0,680233.1545200592
2023-03-30,680286.9235132291,607662.1740643159,782440.919654053,680286.9235132291,680286.9235132291,0.0,0.0,0.0,0.0,0.0,0.0,0.0,0.0,0.0,0.0,0.0,0.0,0.0,0.0,0.0,0.0,0.0,0.0,0.0,0.0,0.0,0.0,0.0,0.0,0.0,0.0,0.0,0.0,0.0,0.0,0.0,0.0,0.0,0.0142827931714255,0.0142827931714255,0.0142827931714255,-3.356731099983442e-05,-3.356731099983442e-05,-3.356731099983442e-05,0.0143163604824253,0.0143163604824253,0.0143163604824253,0.0,0.0,0.0,690003.320938994
2023-03-31,688798.2001399078,609217.7692964713,784642.5311351889,688798.2001399078,688798.2001399078,0.0,0.0,0.0,0.0,0.0,0.0,0.0,0.0,0.0,0.0,0.0,0.0,0.0,0.0,0.0,0.0,0.0,0.0,0.0,0.0,0.0,0.0,0.0,0.0,0.0,0.0,0.0,0.0,0.0,0.0,0.0,0.0,0.0,0.0149280719250356,0.0149280719250356,0.0149280719250356,-4.983770819272821e-06,-4.983770819272821e-06,-4.983770819272821e-06,0.0149330556958548,0.0149330556958548,0.0149330556958548,0.0,0.0,0.0,699080.6292134314
2023-04-01,697309.4767665864,625992.1473213967,798085.3665241115,697309.4767665864,697309.4767665864,0.0,0.0,0.0,0.0,0.0,0.0,0.0,0.0,0.0,0.0,0.0,0.0,0.0,0.0,0.0,0.0,0.0,0.0,0.0,0.0,0.0,0.0,0.0,0.0,0.0,0.0,0.0,0.0,0.0,0.0,0.0,0.0,0.0,0.0162214695942057,0.0162214695942057,0.0162214695942057,0.0006527986307423,0.0006527986307423,0.0006527986307423,0.0155686709634633,0.0155686709634633,0.0155686709634633,0.0,0.0,0.0,708620.8612417071
2023-04-02,705820.753393265,637754.2358296665,806220.0515401406,705820.753393265,705820.753393265,0.0,0.0,0.0,0.0,0.0,0.0,0.0,0.0,0.0,0.0,0.0,0.0,0.0,0.0,0.0,0.0,0.0,0.0,0.0,0.0,0.0,0.0,0.0,0.0,0.0,0.0,0.0,0.0,0.0,0.0,0.0,0.0,0.0,0.0175157461337134,0.0175157461337134,0.0175157461337134,0.0012943274964944,0.0012943274964944,0.0012943274964944,0.0162214186372189,0.0162214186372189,0.0162214186372189,0.0,0.0,0.0,718183.7305256077
2023-04-03,714332.0300199436,635551.1484158717,818145.6333660785,714332.0300199436,714332.0300199436,0.0,0.0,0.0,0.0,0.0,0.0,0.0,0.0,0.0,0.0,0.0,0.0,0.0,0.0,0.0,0.0,0.0,0.0,0.0,0.0,0.0,0.0,0.0,0.0,0.0,0.0,0.0,0.0,0.0,0.0,0.0,0.0,0.0,0.0161891700434571,0.0161891700434571,0.0161891700434571,-0.0006993391191647,-0.0006993391191647,-0.0006993391191647,0.0168885091626218,0.0168885091626218,0.0168885091626218,0.0,0.0,0.0,725896.4727214244
2023-04-04,722843.3066466223,651905.596847411,826943.4311852682,722843.3066466223,722843.3066466223,0.0,0.0,0.0,0.0,0.0,0.0,0.0,0.0,0.0,0.0,0.0,0.0,0.0,0.0,0.0,0.0,0.0,0.0,0.0,0.0,0.0,0.0,0.0,0.0,0.0,0.0,0.0,0.0,0.0,0.0,0.0,0.0,0.0,0.0166332540365985,0.0166332540365985,0.0166332540365985,-0.0009328826298016,-0.0009328826298016,-0.0009328826298016,0.0175661366664002,0.0175661366664002,0.0175661366664002,0.0,0.0,0.0,734866.5429947304
2023-04-05,731354.5832733009,650659.2333755813,837010.9233508566,731354.5832733009,731354.5832733009,0.0,0.0,0.0,0.0,0.0,0.0,0.0,0.0,0.0,0.0,0.0,0.0,0.0,0.0,0.0,0.0,0.0,0.0,0.0,0.0,0.0,0.0,0.0,0.0,0.0,0.0,0.0,0.0,0.0,0.0,0.0,0.0,0.0,0.0179731455875049,0.0179731455875049,0.0179731455875049,-0.0002763532964441,-0.0002763532964441,-0.0002763532964441,0.0182494988839491,0.0182494988839491,0.0182494988839491,0.0,0.0,0.0,744499.325674561
2023-04-06,739865.8598999794,660311.1364096147,836133.1778571624,739865.8598999794,739865.8598999794,0.0,0.0,0.0,0.0,0.0,0.0,0.0,0.0,0.0,0.0,0.0,0.0,0.0,0.0,0.0,0.0,0.0,0.0,0.0,0.0,0.0,0.0,0.0,0.0,0.0,0.0,0.0,0.0,0.0,0.0,0.0,0.0,0.0,0.0188992844155621,0.0188992844155621,0.0188992844155621,-3.356731099876822e-05,-3.356731099876822e-05,-3.356731099876822e-05,0.0189328517265608,0.0189328517265608,0.0189328517265608,0.0,0.0,0.0,753848.7952155935
2023-04-07,748377.1365266581,684571.3703235033,858395.8956456931,748377.1365266581,748377.1365266581,0.0,0.0,0.0,0.0,0.0,0.0,0.0,0.0,0.0,0.0,0.0,0.0,0.0,0.0,0.0,0.0043866938,0.0043866938,0.0043866938,0.0,0.0,0.0,0.0,0.0,0.0,0.0,0.0,0.0,0.0,0.0,0.0,0.0043866938,0.0043866938,0.0043866938,0.0239913077670587,0.0239913077670587,0.0239913077670587,-4.983770821914506e-06,-4.983770821914506e-06,-4.983770821914506e-06,0.0196095977378806,0.0196095977378806,0.0196095977378806,0.0,0.0,0.0,766331.6827348992
2023-04-08,756888.4131533367,687668.7552071399,865327.5082937735,756888.4131533367,756888.4131533367,0.0,0.0,0.0,0.0,0.0,0.0,0.0,0.0,0.0,0.0,0.0,0.0,0.0,0.0,0.0,0.0,0.0,0.0,0.0,0.0,0.0,0.0,0.0,0.0,0.0,0.0,0.0,0.0,0.0,0.0,0.0,0.0,0.0,0.0209252052797846,0.0209252052797846,0.0209252052797846,0.0006527986307429,0.0006527986307429,0.0006527986307429,0.0202724066490417,0.0202724066490417,0.0202724066490417,0.0,0.0,0.0,772726.4585724607
2023-04-09,765399.6897800154,691009.9184930588,872334.9813081702,765399.6897800154,765399.6897800154,0.0,0.0,0.0,0.0,0.0,0.0,0.0,0.0,0.0,0.0,0.0,0.0,0.0,0.0,0.0,0.0,0.0,0.0,0.0,0.0,0.0,0.0,0.0,0.0,0.0,0.0,0.0,0.0,0.0,0.0,0.0,0.0,0.0,0.0222076927397765,0.0222076927397765,0.0222076927397765,0.0012943274964938,0.0012943274964938,0.0012943274964938,0.0209133652432827,0.0209133652432827,0.0209133652432827,0.0,0.0,0.0,782397.4509137702
2023-04-10,773910.9664066939,710113.3545027421,875151.892011453,773910.9664066939,773910.9664066939,0.0,0.0,0.0,0.0,0.0,0.0,0.0,0.0,0.0,0.0,0.0,0.0,0.0,0.0,0.0,0.0,0.0,0.0,0.0,0.0,0.0,0.0,0.0,0.0,0.0,0.0,0.0,0.0,0.0,0.0,0.0,0.0,0.0,0.0208248136941246,0.0208248136941246,0.0208248136941246,-0.0006993391191663,-0.0006993391191663,-0.0006993391191663,0.0215241528132909,0.0215241528132909,0.0215241528132909,0.0,0.0,0.0,790027.5180979533
2023-04-11,782422.2430333726,713335.5356831311,885266.8720641128,782422.2430333726,782422.2430333726,0.0,0.0,0.0,0.0,0.0,0.0,0.0,0.0,0.0,0.0,0.0,0.0,0.0,0.0,0.0,0.0,0.0,0.0,0.0,0.0,0.0,0.0,0.0,0.0,0.0,0.0,0.0,0.0,0.0,0.0,0.0,0.0,0.0,0.0211633550362113,0.0211633550362113,0.0211633550362113,-0.0009328826298028,-0.0009328826298028,-0.0009328826298028,0.0220962376660141,0.0220962376660141,0.0220962376660141,0.0,0.0,0.0,798980.9227509167
2023-04-12,790933.519660051,718502.0176753665,898332.9750508992,790933.519660051,790933.519660051,0.0,0.0,0.0,0.0,0.0,0.0,0.0,0.0,0.0,0.0,0.0,0.0,0.0,0.0,0.0,0.0,0.0,0.0,0.0,0.0,0.0,0.0,0.0,0.0,0.0,0.0,0.0,0.0,0.0,0.0,0.0,0.0,0.0,0.0223447361289063,0.0223447361289063,0.0223447361289063,-0.0002763532964432,-0.0002763532964432,-0.0002763532964432,0.0226210894253495,0.0226210894253495,0.0226210894253495,0.0,0.0,0.0,808606.7204523619
2023-04-13,799444.7962867296,730019.247984644,911794.6577484476,799444.7962867296,799444.7962867296,0.0,0.0,0.0,0.0,0.0,0.0,0.0,0.0,0.0,0.0,0.0,0.0,0.0,0.0,0.0,0.0,0.0,0.0,0.0,0.0,0.0,0.0,0.0,0.0,0.0,0.0,0.0,0.0,0.0,0.0,0.0,0.0,0.0,0.0230568340137076,0.0230568340137076,0.0230568340137076,-3.356731100111836e-05,-3.356731100111836e-05,-3.356731100111836e-05,0.0230904013247087,0.0230904013247087,0.0230904013247087,0.0,0.0,0.0,817877.4622578351
2023-04-14,807956.0729134083,736237.1980168821,914136.5165784776,807956.0729134083,807956.0729134083,0.0,0.0,0.0,0.0,0.0,0.0,0.0,0.0,0.0,0.0,0.0,0.0,0.0,0.0,0.0,0.0,0.0,0.0,0.0,0.0,0.0,0.0,0.0,0.0,0.0,0.0,0.0,0.0,0.0,0.0,0.0,0.0,0.0,0.0234913325155964,0.0234913325155964,0.0234913325155964,-4.983770821246123e-06,-4.983770821246123e-06,-4.983770821246123e-06,0.0234963162864176,0.0234963162864176,0.0234963162864176,0.0,0.0,0.0,826936.0376802128
2023-04-15,816467.3495400869,747139.2567587082,924733.466508594,816467.3495400869,816467.3495400869,0.0,0.0,0.0,0.0,0.0,0.0,0.0,0.0,0.0,0.0,0.0,0.0,0.0,0.0,0.0,0.0,0.0,0.0,0.0,0.0,0.0,0.0,0.0,0.0,0.0,0.0,0.0,0.0,0.0,0.0,0.0,0.0,0.0,0.0244844489970923,0.0244844489970923,0.0244844489970923,0.0006527986307444,0.0006527986307444,0.0006527986307444,0.0238316503663478,0.0238316503663478,0.0238316503663478,0.0,0.0,0.0,836458.1027176924
2023-04-16,824978.6261667655,751822.9093671336,933268.9863550432,824978.6261667655,824978.6261667655,0.0,0.0,0.0,0.0,0.0,0.0,0.0,0.0,0.0,0.0,0.0,0.0,0.0,0.0,0.0,0.0,0.0,0.0,0.0,0.0,0.0,0.0,0.0,0.0,0.0,0.0,0.0,0.0,0.0,0.0,0.0,0.0,0.0,0.0253844346042686,0.0253844346042686,0.0253844346042686,0.0012943274964932,0.0012943274964932,0.0012943274964932,0.0240901071077754,0.0240901071077754,0.0240901071077754,0.0,0.0,0.0,845920.2421526151
2023-04-17,833489.9027934441,761411.2846679721,938662.78130815,833489.9027934441,833489.9027934441,0.0,0.0,0.0,0.0,0.0,0.0,0.0,0.0,0.0,0.0,0.0,0.0,0.0,0.0,0.0,0.0,0.0,0.0,0.0,0.0,0.0,0.0,0.0,0.0,0.0,0.0,0.0,0.0,0.0,0.0,0.0,0.0,0.0,0.0235671373816181,0.0235671373816181,0.0235671373816181,-0.0006993391191679,-0.0006993391191679,-0.0006993391191679,0.024266476500786,0.024266476500786,0.024266476500786,0.0,0.0,0.0,853132.8738387688
2023-04-18,842001.1794201228,767427.06700134,950863.8043147144,842001.1794201228,842001.1794201228,0.0,0.0,0.0,0.0,0.0,0.0,0.0,0.0,0.0,0.0,0.0,0.0,0.0,0.0,0.0,0.0,0.0,0.0,0.0,0.0,0.0,0.0,0.0,0.0,0.0,0.0,0.0,0.0,0.0,0.0,0.0,0.0,0.0,0.0234239299500041,0.0234239299500041,0.0234239299500041,-0.0009328826298033,-0.0009328826298033,-0.0009328826298033,0.0243568125798075,0.0243568125798075,0.0243568125798075,0.0,0.0,0.0,861724.1560646805
2023-04-19,850512.4560468014,784288.5813117088,961787.2479408352,850512.4560468014,850512.4560468014,0.0,0.0,0.0,0.0,0.0,0.0,0.0,0.0,0.0,0.0,0.0,0.0,0.0,0.0,0.0,0.0,0.0,0.0,0.0,0.0,0.0,0.0,0.0,0.0,0.0,0.0,0.0,0.0,0.0,0.0,0.0,0.0,0.0,0.0240822309072125,0.0240822309072125,0.0240822309072125,-0.0002763532964422,-0.0002763532964422,-0.0002763532964422,0.0243585842036547,0.0243585842036547,0.0243585842036547,0.0,0.0,0.0,870994.693402781
2023-04-20,859023.73267348,786972.7396608294,965750.3079810956,859023.73267348,859023.73267348,0.0,0.0,0.0,0.0,0.0,0.0,0.0,0.0,0.0,0.0,0.0,0.0,0.0,0.0,0.0,0.0,0.0,0.0,0.0,0.0,0.0,0.0,0.0,0.0,0.0,0.0,0.0,0.0,0.0,0.0,0.0,0.0,0.0,0.0242372269255463,0.0242372269255463,0.0242372269255463,-3.356731100005216e-05,-3.356731100005216e-05,-3.356731100005216e-05,0.0242707942365463,0.0242707942365463,0.0242707942365463,0.0,0.0,0.0,879844.085816717
2023-04-21,867535.0093001586,791430.0760732308,970088.330811814,867535.0093001586,867535.0093001586,0.0,0.0,0.0,0.0,0.0,0.0,0.0,0.0,0.0,0.0,0.0,0.0,0.0,0.0,0.0,0.0,0.0,0.0,0.0,0.0,0.0,0.0,0.0,0.0,0.0,0.0,0.0,0.0,0.0,0.0,0.0,0.0,0.0,0.0240890793957834,0.0240890793957834,0.0240890793957834,-4.983770822038376e-06,-4.983770822038376e-06,-4.983770822038376e-06,0.0240940631666054,0.0240940631666054,0.0240940631666054,0.0,0.0,0.0,888433.129017812
2023-04-22,876046.2859268372,804046.682375974,989637.8816014662,876046.2859268372,876046.2859268372,0.0,0.0,0.0,0.0,0.0,0.0,0.0,0.0,0.0,0.0,0.0,0.0,0.0,0.0,0.0,0.0,0.0,0.0,0.0,0.0,0.0,0.0,0.0,0.0,0.0,0.0,0.0,0.0,0.0,0.0,0.0,0.0,0.0,0.0244834727688045,0.0244834727688045,0.0244834727688045,0.000652798630744,0.000652798630744,0.000652798630744,0.0238306741380604,0.0238306741380604,0.0238306741380604,0.0,0.0,0.0,897494.9413125394
2023-04-23,884557.5625535158,815040.0355636792,1000698.2640522922,884557.5625535158,884557.5625535158,0.0,0.0,0.0,0.0,0.0,0.0,0.0,0.0,0.0,0.0,0.0,0.0,0.0,0.0,0.0,0.0,0.0,0.0,0.0,0.0,0.0,0.0,0.0,0.0,0.0,0.0,0.0,0.0,0.0,0.0,0.0,0.0,0.0,0.024778904904943,0.024778904904943,0.024778904904943,0.0012943274964962,0.0012943274964962,0.0012943274964962,0.0234845774084468,0.0234845774084468,0.0234845774084468,0.0,0.0,0.0,906475.9302789776
2023-04-24,893068.8391801944,821886.3453547966,999550.5129303504,893068.8391801944,893068.8391801944,0.0,0.0,0.0,0.0,0.0,0.0,0.0,0.0,0.0,0.0,0.0,0.0,0.0,0.0,0.0,0.0,0.0,0.0,0.0,0.0,0.0,0.0,0.0,0.0,0.0,0.0,0.0,0.0,0.0,0.0,0.0,0.0,0.0,0.0223620142245682,0.0223620142245682,0.0223620142245682,-0.0006993391191684,-0.0006993391191684,-0.0006993391191684,0.0230613533437367,0.0230613533437367,0.0230613533437367,0.0,0.0,0.0,913039.6572654608
2023-04-25,901580.1158068732,833298.9388021324,1012209.0446193968,901580.1158068732,901580.1158068732,0.0,0.0,0.0,0.0,0.0,0.0,0.0,0.0,0.0,0.0,0.0,0.0,0.0,0.0,0.0,0.0,0.0,0.0,0.0,0.0,0.0,0.0,0.0,0.0,0.0,0.0,0.0,0.0,0.0,0.0,0.0,0.0,0.0,0.02163525157145,0.02163525157145,0.02163525157145,-0.0009328826298033,-0.0009328826298033,-0.0009328826298033,0.0225681342012533,0.0225681342012533,0.0225681342012533,0.0,0.0,0.0,921086.0284241716
2023-04-26,910091.3924335516,838671.9394800953,1021094.6325652006,910091.3924335516,910091.3924335516,0.0,0.0,0.0,0.0,0.0,0.0,0.0,0.0,0.0,0.0,0.0,0.0,0.0,0.0,0.0,0.0,0.0,0.0,0.0,0.0,0.0,0.0,0.0,0.0,0.0,0.0,0.0,0.0,0.0,0.0,0.0,0.0,0.0,0.0217371327938438,0.0217371327938438,0.0217371327938438,-0.0002763532964446,-0.0002763532964446,-0.0002763532964446,0.0220134860902884,0.0220134860902884,0.0220134860902884,0.0,0.0,0.0,929874.169885414
2023-04-27,918602.6690602304,852064.4125481489,1026346.8420636666,918602.6690602304,918602.6690602304,0.0,0.0,0.0,0.0,0.0,0.0,0.0,0.0,0.0,0.0,0.0,0.0,0.0,0.0,0.0,0.0,0.0,0.0,0.0,0.0,0.0,0.0,0.0,0.0,0.0,0.0,0.0,0.0,0.0,0.0,0.0,0.0,0.0,0.0213736862999396,0.0213736862999396,0.0213736862999396,-3.356731100069413e-05,-3.356731100069413e-05,-3.356731100069413e-05,0.0214072536109403,0.0214072536109403,0.0214072536109403,0.0,0.0,0.0,938236.5943430108
2023-04-28,927113.9456869088,854199.7411070614,1030970.8033205824,927113.9456869088,927113.9456869088,0.0,0.0,0.0,0.0,0.0,0.0,0.0,0.0,0.0,0.0,0.0,0.0,0.0,0.0,0.0,0.0,0.0,0.0,0.0,0.0,0.0,0.0,0.0,0.0,0.0,0.0,0.0,0.0,0.0,0.0,0.0,0.0,0.0,0.0207553869502323,0.0207553869502323,0.0207553869502323,-4.983770822830549e-06,-4.983770822830549e-06,-4.983770822830549e-06,0.0207603707210551,0.0207603707210551,0.0207603707210551,0.0,0.0,0.0,946356.5543765974
2023-04-29,935625.2223135876,858841.9647108183,1043750.7297511116,935625.2223135876,935625.2223135876,0.0,0.0,0.0,0.0,0.0,0.0,0.0,0.0,0.0,0.0,0.0,0.0,0.0,0.0,0.0,0.0,0.0,0.0,0.0,0.0,0.0,0.0,0.0,0.0,0.0,0.0,0.0,0.0,0.0,0.0,0.0,0.0,0.0,0.0207374409696126,0.0207374409696126,0.0207374409696126,0.0006527986307411,0.0006527986307411,0.0006527986307411,0.0200846423388714,0.0200846423388714,0.0200846423388714,0.0,0.0,0.0,955027.6951309964
2023-04-30,945081.6736681296,874819.1097217153,1054793.1820348809,945081.6736681296,945081.6736681296,0.0,0.0,0.0,0.0,0.0,0.0,0.0,0.0,0.0,0.0,0.0,0.0,0.0,0.0,0.0,0.0,0.0,0.0,0.0,0.0,0.0,0.0,0.0,0.0,0.0,0.0,0.0,0.0,0.0,0.0,0.0,0.0,0.0,0.0206868295240939,0.0206868295240939,0.0206868295240939,0.0012943274964956,0.0012943274964956,0.0012943274964956,0.0193925020275982,0.0193925020275982,0.0193925020275982,0.0,0.0,0.0,964632.4171376476
2023-05-01,954538.1250226718,871577.6542902142,1043934.41620295,954538.1250226718,954538.1250226718,0.0,0.0,0.0,0.0,0.0,0.0,0.0,0.0,0.0,0.0,0.0,0.0,0.0,0.0,0.0,0.0,0.0,0.0,0.0,0.0,0.0,-0.014208229,-0.014208229,-0.014208229,0.0,0.0,0.0,0.0,0.0,0.0,-0.014208229,-0.014208229,-0.014208229,0.0037891836836251,0.0037891836836251,0.0037891836836251,-0.00069933911917,-0.00069933911917,-0.00069933911917,0.0186967518027951,0.0186967518027951,0.0186967518027951,0.0,0.0,0.0,958155.0453114056
2023-05-02,963994.5763772138,877994.7884986787,1063217.129887075,963994.5763772138,963994.5763772138,0.0,0.0,0.0,0.0,0.0,0.0,0.0,0.0,0.0,0.0,0.0,0.0,0.0,0.0,0.0,0.0,0.0,0.0,0.0,0.0,0.0,0.0,0.0,0.0,0.0,0.0,0.0,0.0,0.0,0.0,0.0,0.0,0.0,0.0170774080043842,0.0170774080043842,0.0170774080043842,-0.000932882629802,-0.000932882629802,-0.000932882629802,0.0180102906341862,0.0180102906341862,0.0180102906341862,0.0,0.0,0.0,980457.1050720213
2023-05-03,973451.027731756,908188.2647442456,1075973.0828229713,973451.027731756,973451.027731756,0.0,0.0,0.0,0.0,0.0,0.0,0.0,0.0,0.0,0.0,0.0,0.0,0.0,0.0,0.0,0.0,0.0,0.0,0.0,0.0,0.0,0.0,0.0,0.0,0.0,0.0,0.0,0.0,0.0,0.0,0.0,0.0,0.0,0.0170694852675145,0.0170694852675145,0.0170694852675145,-0.0002763532964436,-0.0002763532964436,-0.0002763532964436,0.0173458385639582,0.0173458385639582,0.0173458385639582,0.0,0.0,0.0,990067.3357082702
2023-05-04,982907.479086298,911255.8583242374,1087170.6641663592,982907.479086298,982907.479086298,0.0,0.0,0.0,0.0,0.0,0.0,0.0,0.0,0.0,0.0,0.0,0.0,0.0,0.0,0.0,0.0,0.0,0.0,0.0,0.0,0.0,0.0,0.0,0.0,0.0,0.0,0.0,0.0,0.0,0.0,0.0,0.0,0.0,0.016682096212604,0.016682096212604,0.016682096212604,-3.3567310999942046e-05,-3.3567310999942046e-05,-3.3567310999942046e-05,0.0167156635236039,0.0167156635236039,0.0167156635236039,0.0,0.0,0.0,999304.4362205036
2023-05-05,992363.9304408404,921014.440535742,1096063.6662198731,992363.9304408404,992363.9304408404,0.0,0.0,0.0,0.0,0.0,0.0,0.0,0.0,0.0,0.0,0.0,0.0,0.0,0.0,0.0,0.0,0.0,0.0,0.0,0.0,0.0,0.0,0.0,0.0,0.0,0.0,0.0,0.0,0.0,0.0,0.0,0.0,0.0,0.0161263341242762,0.0161263341242762,0.0161263341242762,-4.983770820701853e-06,-4.983770820701853e-06,-4.983770820701853e-06,0.0161313178950969,0.0161313178950969,0.0161313178950969,0.0,0.0,0.0,1008367.1227560096
2023-05-06,1001820.3817953824,933891.3112565896,1099056.1204171712,1001820.3817953824,1001820.3817953824,0.0,0.0,0.0,0.0,0.0,0.0,0.0,0.0,0.0,0.0,0.0,0.0,0.0,0.0,0.0,0.0,0.0,0.0,0.0,0.0,0.0,0.0,0.0,0.0,0.0,0.0,0.0,0.0,0.0,0.0,0.0,0.0,0.0,0.0162561902609597,0.0162561902609597,0.0162561902609597,0.0006527986307417,0.0006527986307417,0.0006527986307417,0.0156033916302179,0.0156033916302179,0.0156033916302179,0.0,0.0,0.0,1018106.1645291554
2023-05-07,1011276.8331499244,940413.0679918524,1122017.1900277648,1011276.8331499244,1011276.8331499244,0.0,0.0,0.0,0.0,0.0,0.0,0.0,0.0,0.0,0.0,0.0,0.0,0.0,0.0,0.0,0.0,0.0,0.0,0.0,0.0,0.0,0.0,0.0,0.0,0.0,0.0,0.0,0.0,0.0,0.0,0.0,0.0,0.0,0.0164356158164936,0.0164356158164936,0.0164356158164936,0.0012943274964948,0.0012943274964948,0.0012943274964948,0.0151412883199988,0.0151412883199988,0.0151412883199988,0.0,0.0,0.0,1027897.7906636968
2023-05-08,1020733.2845044666,949255.6152141888,1119932.448708177,1020733.2845044666,1020733.2845044666,0.0,0.0,0.0,0.0,0.0,0.0,0.0,0.0,0.0,0.0,0.0,0.0,0.0,0.0,0.0,0.0,0.0,0.0,0.0,0.0,0.0,0.0,0.0,0.0,0.0,0.0,0.0,0.0,0.0,0.0,0.0,0.0,0.0,0.0140536908864914,0.0140536908864914,0.0140536908864914,-0.000699339119171,-0.000699339119171,-0.000699339119171,0.0147530300056625,0.0147530300056625,0.0147530300056625,0.0,0.0,0.0,1035078.3545624454
2023-05-09,1030189.7358590086,957420.5784277231,1132430.2712137068,1030189.7358590086,1030189.7358590086,0.0,0.0,0.0,0.0,0.0,0.0,0.0,0.0,0.0,0.0,0.0,0.0,0.0,0.0,0.0,0.0,0.0,0.0,0.0,0.0,0.0,0.0,0.0,0.0,0.0,0.0,0.0,0.0,0.0,0.0,0.0,0.0,0.0,0.0135122131300397,0.0135122131300397,0.0135122131300397,-0.0009328826298007,-0.0009328826298007,-0.0009328826298007,0.0144450957598405,0.0144450957598405,0.0144450957598405,0.0,0.0,0.0,1044109.879134315
2023-05-10,1039646.1872135508,965656.7072188676,1144077.859636772,1039646.1872135508,1039646.1872135508,0.0,0.0,0.0,0.0,0.0,0.0,0.0,0.0,0.0,0.0,0.0,0.0,0.0,0.0,0.0,0.0,0.0,0.0,0.0,0.0,0.0,0.0,0.0,0.0,0.0,0.0,0.0,0.0,0.0,0.0,0.0,0.0,0.0,0.0139459448664767,0.0139459448664767,0.0139459448664767,-0.0002763532964442,-0.0002763532964442,-0.0002763532964442,0.014222298162921,0.014222298162921,0.014222298162921,0.0,0.0,0.0,1054145.0356210738
2023-05-11,1049102.6385680928,981091.5977121112,1149490.2601594236,1049102.6385680928,1049102.6385680928,0.0,0.0,0.0,0.0,0.0,0.0,0.0,0.0,0.0,0.0,0.0,0.0,0.0,0.0,0.0,0.0,0.0,0.0,0.0,0.0,0.0,0.0,0.0,0.0,0.0,0.0,0.0,0.0,0.0,0.0,0.0,0.0,0.0,0.0140541334688308,0.0140541334688308,0.0140541334688308,-3.3567311000584015e-05,-3.3567311000584015e-05,-3.3567311000584015e-05,0.0140877007798313,0.0140877007798313,0.0140877007798313,0.0,0.0,0.0,1063846.8670730314
2023-05-12,1058559.0899226351,987351.8220978708,1160500.9595553412,1058559.0899226351,1058559.0899226351,0.0,0.0,0.0,0.0,0.0,0.0,0.0,0.0,0.0,0.0,0.0,0.0,0.0,0.0,0.0,0.0,0.0,0.0,0.0,0.0,0.0,0.0,0.0,0.0,0.0,0.0,0.0,0.0,0.0,0.0,0.0,0.0,0.0,0.0140375948645401,0.0140375948645401,0.0140375948645401,-4.983770821493971e-06,-4.983770821493971e-06,-4.983770821493971e-06,0.0140425786353616,0.0140425786353616,0.0140425786353616,0.0,0.0,0.0,1073418.7135671454
2023-05-13,1068015.5412771772,997225.0149186768,1178770.5063589949,1068015.5412771772,1068015.5412771772,0.0,0.0,0.0,0.0,0.0,0.0,0.0,0.0,0.0,0.0,0.0,0.0,0.0,0.0,0.0,0.0,0.0,0.0,0.0,0.0,0.0,0.0,0.0,0.0,0.0,0.0,0.0,0.0,0.0,0.0,0.0,0.0,0.0,0.0147392211535602,0.0147392211535602,0.0147392211535602,0.0006527986307423,0.0006527986307423,0.0006527986307423,0.0140864225228178,0.0140864225228178,0.0140864225228178,0.0,0.0,0.0,1083757.2585355008
2023-05-14,1077471.9926317192,1004321.5996571046,1187193.1239980282,1077471.9926317192,1077471.9926317192,0.0,0.0,0.0,0.0,0.0,0.0,0.0,0.0,0.0,0.0,0.0,0.0,0.0,0.0,0.0,0.0,0.0,0.0,0.0,0.0,0.0,0.0,0.0,0.0,0.0,0.0,0.0,0.0,0.0,0.0,0.0,0.0,0.0,0.0155113142903266,0.0155113142903266,0.0155113142903266,0.0012943274964941,0.0012943274964941,0.0012943274964941,0.0142169867938324,0.0142169867938324,0.0142169867938324,0.0,0.0,0.0,1094184.9993484544
2023-05-15,1086928.4439862613,1014204.474228366,1185522.444447199,1086928.4439862613,1086928.4439862613,0.0,0.0,0.0,0.0,0.0,0.0,0.0,0.0,0.0,0.0,0.0,0.0,0.0,0.0,0.0,0.0,0.0,0.0,0.0,0.0,0.0,0.0,0.0,0.0,0.0,0.0,0.0,0.0,0.0,0.0,0.0,0.0,0.0,0.0137310399809355,0.0137310399809355,0.0137310399809355,-0.0006993391191656,-0.0006993391191656,-0.0006993391191656,0.0144303791001012,0.0144303791001012,0.0144303791001012,0.0,0.0,0.0,1101853.1019070528
2023-05-16,1096384.8953408033,1024328.222994816,1194735.3689214776,1096384.8953408033,1096384.8953408033,0.0,0.0,0.0,0.0,0.0,0.0,0.0,0.0,0.0,0.0,0.0,0.0,0.0,0.0,0.0,0.0,0.0,0.0,0.0,0.0,0.0,0.0,0.0,0.0,0.0,0.0,0.0,0.0,0.0,0.0,0.0,0.0,0.0,0.0137883067940549,0.0137883067940549,0.0137883067940549,-0.0009328826298019,-0.0009328826298019,-0.0009328826298019,0.0147211894238569,0.0147211894238569,0.0147211894238569,0.0,0.0,0.0,1111502.18664213
2023-05-17,1105841.3466953456,1042225.783999978,1208263.443399566,1105841.3466953456,1105841.3466953456,0.0,0.0,0.0,0.0,0.0,0.0,0.0,0.0,0.0,0.0,0.0,0.0,0.0,0.0,0.0,0.0,0.0,0.0,0.0,0.0,0.0,0.0,0.0,0.0,0.0,0.0,0.0,0.0,0.0,0.0,0.0,0.0,0.0,0.0148063013786132,0.0148063013786132,0.0148063013786132,-0.0002763532964416,-0.0002763532964416,-0.0002763532964416,0.0150826546750548,0.0150826546750548,0.0150826546750548,0.0,0.0,0.0,1122214.7669514483
2023-05-18,1115297.7980498876,1045917.5849160784,1220030.6538255587,1115297.7980498876,1115297.7980498876,0.0,0.0,0.0,0.0,0.0,0.0,0.0,0.0,0.0,0.0,0.0,0.0,0.0,0.0,0.0,0.0,0.0,0.0,0.0,0.0,0.0,0.0,0.0,0.0,0.0,0.0,0.0,0.0,0.0,0.0,0.0,0.0,0.0,0.0154732868684485,0.0154732868684485,0.0154732868684485,-3.3567310999517825e-05,-3.3567310999517825e-05,-3.3567310999517825e-05,0.0155068541794481,0.0155068541794481,0.0155068541794481,0.0,0.0,0.0,1132555.1208228627
2023-05-19,1124754.2494044297,1048128.68209608,1226792.4614130233,1124754.2494044297,1124754.2494044297,0.0,0.0,0.0,0.0,0.0,0.0,0.0,0.0,0.0,0.0,0.0,0.0,0.0,0.0,0.0,0.0,0.0,0.0,0.0,0.0,0.0,0.0,0.0,0.0,0.0,0.0,0.0,0.0,0.0,0.0,0.0,0.0,0.0,0.0159799467889955,0.0159799467889955,0.0159799467889955,-4.983770820825696e-06,-4.983770820825696e-06,-4.983770820825696e-06,0.0159849305598163,0.0159849305598163,0.0159849305598163,0.0,0.0,0.0,1142727.7624606092
2023-05-20,1134210.700758972,1064915.8793149174,1246349.1943797283,1134210.700758972,1134210.700758972,0.0,0.0,0.0,0.0,0.0,0.0,0.0,0.0,0.0,0.0,0.0,0.0,0.0,0.0,0.0,0.0,0.0,0.0,0.0,0.0,0.0,0.0,0.0,0.0,0.0,0.0,0.0,0.0,0.0,0.0,0.0,0.0,0.0,0.0171601284766693,0.0171601284766693,0.0171601284766693,0.0006527986307385,0.0006527986307385,0.0006527986307385,0.0165073298459307,0.0165073298459307,0.0165073298459307,0.0,0.0,0.0,1153673.9021036092
2023-05-21,1143667.152113514,1079086.3723225058,1252672.569566124,1143667.152113514,1143667.152113514,0.0,0.0,0.0,0.0,0.0,0.0,0.0,0.0,0.0,0.0,0.0,0.0,0.0,0.0,0.0,0.0,0.0,0.0,0.0,0.0,0.0,0.0,0.0,0.0,0.0,0.0,0.0,0.0,0.0,0.0,0.0,0.0,0.0,0.0183583816523982,0.0183583816523982,0.0183583816523982,0.0012943274964933,0.0012943274964933,0.0012943274964933,0.0170640541559048,0.0170640541559048,0.0170640541559048,0.0,0.0,0.0,1164663.0301753252
2023-05-22,1153123.603468056,1083879.4158915,1259805.4430987814,1153123.603468056,1153123.603468056,0.0,0.0,0.0,0.0,0.0,0.0,0.0,0.0,0.0,0.0,0.0,0.0,0.0,0.0,0.0,0.0,0.0,0.0,0.0,0.0,0.0,0.0,0.0,0.0,0.0,0.0,0.0,0.0,0.0,0.0,0.0,0.0,0.0,0.0169455808672034,0.0169455808672034,0.0169455808672034,-0.0006993391191667,-0.0006993391191667,-0.0006993391191667,0.0176449199863701,0.0176449199863701,0.0176449199863701,0.0,0.0,0.0,1172663.952740505
2023-05-23,1162580.0548225984,1091009.1607164282,1270732.9377726158,1162580.0548225984,1162580.0548225984,0.0,0.0,0.0,0.0,0.0,0.0,0.0,0.0,0.0,0.0,0.0,0.0,0.0,0.0,0.0,0.0,0.0,0.0,0.0,0.0,0.0,0.0,0.0,0.0,0.0,0.0,0.0,0.0,0.0,0.0,0.0,0.0,0.0,0.0173069324100017,0.0173069324100017,0.0173069324100017,-0.0009328826298006,-0.0009328826298006,-0.0009328826298006,0.0182398150398024,0.0182398150398024,0.0182398150398024,0.0,0.0,0.0,1182700.7492526292
2023-05-24,1172036.5061771404,1108866.4074210315,1287598.103325141,1172036.5061771404,1172036.5061771404,0.0,0.0,0.0,0.0,0.0,0.0,0.0,0.0,0.0,0.0,0.0,0.0,0.0,0.0,0.0,0.0,0.0,0.0,0.0,0.0,0.0,0.0,0.0,0.0,0.0,0.0,0.0,0.0,0.0,0.0,0.0,0.0,0.0,0.0185625933105977,0.0185625933105977,0.0185625933105977,-0.0002763532964423,-0.0002763532964423,-0.0002763532964423,0.0188389466070401,0.0188389466070401,0.0188389466070401,0.0,0.0,0.0,1193792.5431864804
2023-05-25,1181492.9575316822,1111944.0705724217,1300195.1472253783,1181492.9575316822,1181492.9575316822,0.0,0.0,0.0,0.0,0.0,0.0,0.0,0.0,0.0,0.0,0.0,0.0,0.0,0.0,0.0,0.0,0.0,0.0,0.0,0.0,0.0,0.0,0.0,0.0,0.0,0.0,0.0,0.0,0.0,0.0,0.0,0.0,0.0,0.0193995074978638,0.0193995074978638,0.0193995074978638,-3.356731100015979e-05,-3.356731100015979e-05,-3.356731100015979e-05,0.0194330748088639,0.0194330748088639,0.0194330748088639,0.0,0.0,0.0,1204413.3390199917
2023-05-26,1190949.4088862245,1125291.021761863,1306791.6322516445,1190949.4088862245,1190949.4088862245,0.0,0.0,0.0,0.0,0.0,0.0,0.0,0.0,0.0,0.0,0.0,0.0,0.0,0.0,0.0,0.0,0.0,0.0,0.0,0.0,0.0,0.0,0.0,0.0,0.0,0.0,0.0,0.0,0.0,0.0,0.0,0.0,0.0,0.0200087407029852,0.0200087407029852,0.0200087407029852,-4.983770822006907e-06,-4.983770822006907e-06,-4.983770822006907e-06,0.0200137244738073,0.0200137244738073,0.0200137244738073,0.0,0.0,0.0,1214778.8067990022
2023-05-27,1200405.8602407663,1140660.897247492,1315352.735990062,1200405.8602407663,1200405.8602407663,0.0,0.0,0.0,0.0,0.0,0.0,0.0,0.0,0.0,0.0,0.0,0.0,0.0,0.0,0.0,0.0,0.0,0.0,0.0,0.0,0.0,0.0,0.0,0.0,0.0,0.0,0.0,0.0,0.0,0.0,0.0,0.0,0.0,0.0212261687072268,0.0212261687072268,0.0212261687072268,0.0006527986307391,0.0006527986307391,0.0006527986307391,0.0205733700764877,0.0205733700764877,0.0205733700764877,0.0,0.0,0.0,1225885.8775473807
2023-05-28,1209862.3115953084,1146975.788632738,1319357.7430241602,1209862.3115953084,1209862.3115953084,0.0,0.0,0.0,0.0,0.0,0.0,0.0,0.0,0.0,0.0,0.0,0.0,0.0,0.0,0.0,0.0,0.0,0.0,0.0,0.0,0.0,0.0,0.0,0.0,0.0,0.0,0.0,0.0,0.0,0.0,0.0,0.0,0.0,0.0223999164591827,0.0223999164591827,0.0223999164591827,0.0012943274964929,0.0012943274964929,0.0012943274964929,0.0211055889626898,0.0211055889626898,0.0211055889626898,0.0,0.0,0.0,1236963.126302157
2023-05-29,1221222.2528163265,1158063.9025507472,1331280.344569761,1221222.2528163265,1221222.2528163265,0.0,0.0,0.0,0.0,0.0,0.0,0.0,0.0,0.0,0.0,0.0,0.0,0.0,0.0,0.0,0.0,0.0,0.0,0.0,0.0,0.0,0.0,0.0,0.0,0.0,0.0,0.0,0.0,0.0,0.0,0.0,0.0,0.0,0.0209058399019605,0.0209058399019605,0.0209058399019605,-0.0006993391191683,-0.0006993391191683,-0.0006993391191683,0.0216051790211288,0.0216051790211288,0.0216051790211288,0.0,0.0,0.0,1246752.9297184162
2023-05-30,1232582.1940373443,1171709.0785707866,1348273.375136328,1232582.1940373443,1232582.1940373443,0.0,0.0,0.0,0.0,0.0,0.0,0.0,0.0,0.0,0.0,0.0,0.0,0.0,0.0,0.0,0.0,0.0,0.0,0.0,0.0,0.0,0.0,0.0,0.0,0.0,0.0,0.0,0.0,0.0,0.0,0.0,0.0,0.0,0.0211353553704582,0.0211353553704582,0.0211353553704582,-0.0009328826298036,-0.0009328826298036,-0.0009328826298036,0.0220682380002619,0.0220682380002619,0.0220682380002619,0.0,0.0,0.0,1258633.2567316229
2023-05-31,1243942.1352583624,1184923.9823412742,1356532.4118311575,1243942.1352583624,1243942.1352583624,0.0,0.0,0.0,0.0,0.0,0.0,0.0,0.0,0.0,0.0,0.0,0.0,0.0,0.0,0.0,0.0,0.0,0.0,0.0,0.0,0.0,0.0,0.0,0.0,0.0,0.0,0.0,0.0,0.0,0.0,0.0,0.0,0.0,0.0222158494852838,0.0222158494852838,0.0222158494852838,-0.0002763532964447,-0.0002763532964447,-0.0002763532964447,0.0224922027817285,0.0224922027817285,0.0224922027817285,0.0,0.0,0.0,1271577.3665036648
2023-06-01,1255302.0764793805,1193860.5341883348,1377023.8065232227,1255302.0764793805,1255302.0764793805,0.0,0.0,0.0,0.0,0.0,0.0,0.0,0.0,0.0,0.0,0.0,0.0,0.0,0.0,0.0,0.0,0.0,0.0,0.0,0.0,0.0,0.0,0.0,0.0,0.0,0.0,0.0,0.0,0.0,0.0,0.0,0.0,0.0,0.0228422807669319,0.0228422807669319,0.0228422807669319,-3.35673109990936e-05,-3.35673109990936e-05,-3.35673109990936e-05,0.022875848077931,0.022875848077931,0.022875848077931,0.0,0.0,0.0,1283976.038957635
2023-06-02,1266662.017700398,1210252.0940274738,1375317.1717722272,1266662.017700398,1266662.017700398,0.0,0.0,0.0,0.0,0.0,0.0,0.0,0.0,0.0,0.0,0.0,0.0,0.0,0.0,0.0,0.0,0.0,0.0,0.0,0.0,0.0,0.0,0.0,0.0,0.0,0.0,0.0,0.0,0.0,0.0,0.0,0.0,0.0,0.0232142614160069,0.0232142614160069,0.0232142614160069,-4.983770821338605e-06,-4.983770821338605e-06,-4.983770821338605e-06,0.0232192451868282,0.0232192451868282,0.0232192451868282,0.0,0.0,0.0,1296066.640905022
2023-06-03,1278021.958921416,1221763.270380102,1396675.766765103,1278021.958921416,1278021.958921416,0.0,0.0,0.0,0.0,0.0,0.0,0.0,0.0,0.0,0.0,0.0,0.0,0.0,0.0,0.0,0.0,0.0,0.0,0.0,0.0,0.0,0.0,0.0,0.0,0.0,0.0,0.0,0.0,0.0,0.0,0.0,0.0,0.0,0.0241764812092801,0.0241764812092801,0.0241764812092801,0.0006527986307397,0.0006527986307397,0.0006527986307397,0.0235236825785404,0.0235236825785404,0.0235236825785404,0.0,0.0,0.0,1308920.032796327
2023-06-04,1289381.9001424338,1236059.513803235,1409880.3661691782,1289381.9001424338,1289381.9001424338,0.0,0.0,0.0,0.0,0.0,0.0,0.0,0.0,0.0,0.0,0.0,0.0,0.0,0.0,0.0,0.0,0.0,0.0,0.0,0.0,0.0,0.0,0.0,0.0,0.0,0.0,0.0,0.0,0.0,0.0,0.0,0.0,0.0,0.0250858786698348,0.0250858786698348,0.0250858786698348,0.0012943274964921,0.0012943274964921,0.0012943274964921,0.0237915511733427,0.0237915511733427,0.0237915511733427,0.0,0.0,0.0,1321727.1780484882
2023-06-05,1300741.841363452,1234720.9929212276,1415445.7611466085,1300741.841363452,1300741.841363452,0.0,0.0,0.0,0.0,0.0,0.0,0.0,0.0,0.0,0.0,0.0,0.0,0.0,0.0,0.0,0.0,0.0,0.0,0.0,0.0,0.0,0.0,0.0,0.0,0.0,0.0,0.0,0.0,0.0,0.0,0.0,0.0,0.0,0.0233268590487865,0.0233268590487865,0.0233268590487865,-0.0006993391191693,-0.0006993391191693,-0.0006993391191693,0.0240261981679558,0.0240261981679558,0.0240261981679558,0.0,0.0,0.0,1331084.0629557965
2023-06-06,1312101.7825844695,1254472.127065701,1435441.2814246127,1312101.7825844695,1312101.7825844695,0.0,0.0,0.0,0.0,0.0,0.0,0.0,0.0,0.0,0.0,0.0,0.0,0.0,0.0,0.0,0.0,0.0,0.0,0.0,0.0,0.0,0.0,0.0,0.0,0.0,0.0,0.0,0.0,0.0,0.0,0.0,0.0,0.0,0.0232988715185325,0.0232988715185325,0.0232988715185325,-0.0009328826298023,-0.0009328826298023,-0.0009328826298023,0.0242317541483349,0.0242317541483349,0.0242317541483349,0.0,0.0,0.0,1342672.2734361426
2023-06-07,1323461.7238054876,1265949.748024463,1448053.9475840328,1323461.7238054876,1323461.7238054876,0.0,0.0,0.0,0.0,0.0,0.0,0.0,0.0,0.0,0.0,0.0,0.0,0.0,0.0,0.0,0.0,0.0,0.0,0.0,0.0,0.0,0.0,0.0,0.0,0.0,0.0,0.0,0.0,0.0,0.0,0.0,0.0,0.0,0.0241365856708991,0.0241365856708991,0.0241365856708991,-0.0002763532964437,-0.0002763532964437,-0.0002763532964437,0.0244129389673428,0.0244129389673428,0.0244129389673428,0.0,0.0,0.0,1355405.571084275
2023-06-08,1334821.6650265057,1278324.0201849812,1459068.232577749,1334821.6650265057,1334821.6650265057,0.0,0.0,0.0,0.0,0.0,0.0,0.0,0.0,0.0,0.0,0.0,0.0,0.0,0.0,0.0,0.0,0.0,0.0,0.0,0.0,0.0,0.0,0.0,0.0,0.0,0.0,0.0,0.0,0.0,0.0,0.0,0.0,0.0,0.0245412851329039,0.0245412851329039,0.0245412851329039,-3.356731100144373e-05,-3.356731100144373e-05,-3.356731100144373e-05,0.0245748524439054,0.0245748524439054,0.0245748524439054,0.0,0.0,0.0,1367579.9041094985
2023-06-09,1346181.6062475236,1295091.9733348598,1466530.3856054544,1346181.6062475236,1346181.6062475236,0.0,0.0,0.0,0.0,0.0,0.0,0.0,0.0,0.0,0.0,0.0,0.0,0.0,0.0,0.0,0.0,0.0,0.0,0.0,0.0,0.0,0.0,0.0,0.0,0.0,0.0,0.0,0.0,0.0,0.0,0.0,0.0,0.0,0.0247177725695279,0.0247177725695279,0.0247177725695279,-4.983770820670439e-06,-4.983770820670439e-06,-4.983770820670439e-06,0.0247227563403485,0.0247227563403485,0.0247227563403485,0.0,0.0,0.0,1379456.2170280318
2023-06-10,1357541.5474685412,1304665.9346301518,1485405.6948072144,1357541.5474685412,1357541.5474685412,0.0,0.0,0.0,0.0,0.0,0.0,0.0,0.0,0.0,0.0,0.0,0.0,0.0,0.0,0.0,0.0,0.0,0.0,0.0,0.0,0.0,0.0,0.0,0.0,0.0,0.0,0.0,0.0,0.0,0.0,0.0,0.0,0.0,0.0255146529162063,0.0255146529162063,0.0255146529162063,0.0006527986307412,0.0006527986307412,0.0006527986307412,0.024861854285465,0.024861854285465,0.024861854285465,0.0,0.0,0.0,1392178.7488715306
2023-06-11,1368901.4886895593,1316799.8927869487,1489667.1972042331,1368901.4886895593,1368901.4886895593,0.0,0.0,0.0,0.0,0.0,0.0,0.0,0.0,0.0,0.0,0.0,0.0,0.0,0.0,0.0,0.0,0.0,0.0,0.0,0.0,0.0,0.0,0.0,0.0,0.0,0.0,0.0,0.0,0.0,0.0,0.0,0.0,0.0,0.0262914038236434,0.0262914038236434,0.0262914038236434,0.0012943274964951,0.0012943274964951,0.0012943274964951,0.0249970763271482,0.0249970763271482,0.0249970763271482,0.0,0.0,0.0,1404891.8305234832
2023-06-12,1380261.4299105774,1323984.0574641677,1497732.0612686565,1380261.4299105774,1380261.4299105774,0.0,0.0,0.0,0.0,0.0,0.0,0.0,0.0,0.0,0.0,0.0,0.0,0.0,0.0,0.0,0.0,0.0,0.0,0.0,0.0,0.0,0.0,0.0,0.0,0.0,0.0,0.0,0.0,0.0,0.0,0.0,0.0,0.0,0.0244335355010011,0.0244335355010011,0.0244335355010011,-0.0006993391191709,-0.0006993391191709,-0.0006993391191709,0.025132874620172,0.025132874620172,0.025132874620172,0.0,0.0,0.0,1413986.09655896
2023-06-13,1391621.3711315948,1337543.7365298185,1515801.3678643715,1391621.3711315948,1391621.3711315948,0.0,0.0,0.0,0.0,0.0,0.0,0.0,0.0,0.0,0.0,0.0,0.0,0.0,0.0,0.0,0.0,0.0,0.0,0.0,0.0,0.0,0.0,0.0,0.0,0.0,0.0,0.0,0.0,0.0,0.0,0.0,0.0,0.0,0.024340153757911,0.024340153757911,0.024340153757911,-0.0009328826298023,-0.0009328826298023,-0.0009328826298023,0.0252730363877133,0.0252730363877133,0.0252730363877133,0.0,0.0,0.0,1425493.649277733
2023-06-14,1402981.3123526128,1351416.601032588,1527694.318860941,1402981.3123526128,1402981.3123526128,0.0,0.0,0.0,0.0,0.0,0.0,0.0,0.0,0.0,0.0,0.0,0.0,0.0,0.0,0.0,0.0,0.0,0.0,0.0,0.0,0.0,0.0,0.0,0.0,0.0,0.0,0.0,0.0,0.0,0.0,0.0,0.0,0.0,0.0251441664543553,0.0251441664543553,0.0251441664543553,-0.0002763532964427,-0.0002763532964427,-0.0002763532964427,0.0254205197507981,0.0254205197507981,0.0254205197507981,0.0,0.0,0.0,1438258.108002757
2023-06-15,1414341.253573631,1357612.801930988,1542545.9194077062,1414341.253573631,1414341.253573631,0.0,0.0,0.0,0.0,0.0,0.0,0.0,0.0,0.0,0.0,0.0,0.0,0.0,0.0,0.0,0.0,0.0,0.0,0.0,0.0,0.0,0.0,0.0,0.0,0.0,0.0,0.0,0.0,0.0,0.0,0.0,0.0,0.0,0.0255437500033085,0.0255437500033085,0.0255437500033085,-3.3567311000377536e-05,-3.3567311000377536e-05,-3.3567311000377536e-05,0.0255773173143089,0.0255773173143089,0.0255773173143089,0.0,0.0,0.0,1450468.8329742816
2023-06-16,1425701.194794649,1378776.6467425565,1549886.3712362887,1425701.194794649,1425701.194794649,0.0,0.0,0.0,0.0,0.0,0.0,0.0,0.0,0.0,0.0,0.0,0.0,0.0,0.0,0.0,0.0,0.0,0.0,0.0,0.0,0.0,0.0,0.0,0.0,0.0,0.0,0.0,0.0,0.0,0.0,0.0,0.0,0.0,0.0257393677817844,0.0257393677817844,0.0257393677817844,-4.983770821851623e-06,-4.983770821851623e-06,-4.983770821851623e-06,0.0257443515526062,0.0257443515526062,0.0257443515526062,0.0,0.0,0.0,1462397.842194398
2023-06-17,1437061.1360156664,1386429.3939086068,1561163.8963246455,1437061.1360156664,1437061.1360156664,0.0,0.0,0.0,0.0,0.0,0.0,0.0,0.0,0.0,0.0,0.0,0.0,0.0,0.0,0.0,0.0,0.0,0.0,0.0,0.0,0.0,0.0,0.0,0.0,0.0,0.0,0.0,0.0,0.0,0.0,0.0,0.0,0.0,0.026574203707903,0.026574203707903,0.026574203707903,0.0006527986307427,0.0006527986307427,0.0006527986307427,0.0259214050771603,0.0259214050771603,0.0259214050771603,0.0,0.0,0.0,1475249.8913848577
2023-06-18,1448421.0772366845,1398642.4029998283,1572925.3382538566,1448421.0772366845,1448421.0772366845,0.0,0.0,0.0,0.0,0.0,0.0,0.0,0.0,0.0,0.0,0.0,0.0,0.0,0.0,0.0,0.0,0.0,0.0,0.0,0.0,0.0,0.0,0.0,0.0,0.0,0.0,0.0,0.0,0.0,0.0,0.0,0.0,0.0,0.0274014153177605,0.0274014153177605,0.0274014153177605,0.0012943274964945,0.0012943274964945,0.0012943274964945,0.026107087821266,0.026107087821266,0.026107087821266,0.0,0.0,0.0,1488109.8647290452
2023-06-19,1459781.0184577026,1407291.324778112,1583978.6605903143,1459781.0184577026,1459781.0184577026,0.0,0.0,0.0,0.0,0.0,0.0,0.0,0.0,0.0,0.0,0.0,0.0,0.0,0.0,0.0,0.0,0.0,0.0,0.0,0.0,0.0,0.0,0.0,0.0,0.0,0.0,0.0,0.0,0.0,0.0,0.0,0.0,0.0,0.0255995029544801,0.0255995029544801,0.0255995029544801,-0.0006993391191714,-0.0006993391191714,-0.0006993391191714,0.0262988420736515,0.0262988420736515,0.0262988420736515,0.0,0.0,0.0,1497150.6869526044
2023-06-20,1471140.95967872,1418758.6257445065,1594397.6208883778,1471140.95967872,1471140.95967872,0.0,0.0,0.0,0.0,0.0,0.0,0.0,0.0,0.0,0.0,0.0,0.0,0.0,0.0,0.0,0.0,0.0,0.0,0.0,0.0,0.0,0.0,0.0,0.0,0.0,0.0,0.0,0.0,0.0,0.0,0.0,0.0,0.0,0.025560102536233,0.025560102536233,0.025560102536233,-0.0009328826298022,-0.0009328826298022,-0.0009328826298022,0.0264929851660353,0.0264929851660353,0.0264929851660353,0.0,0.0,0.0,1508743.4734533604
2023-06-21,1482500.900899738,1433513.041417796,1615548.6443680795,1482500.900899738,1482500.900899738,0.0,0.0,0.0,0.0,0.0,0.0,0.0,0.0,0.0,0.0,0.0,0.0,0.0,0.0,0.0,0.0,0.0,0.0,0.0,0.0,0.0,0.0,0.0,0.0,0.0,0.0,0.0,0.0,0.0,0.0,0.0,0.0,0.0,0.026408435205813,0.026408435205813,0.026408435205813,-0.0002763532964433,-0.0002763532964433,-0.0002763532964433,0.0266847885022564,0.0266847885022564,0.0266847885022564,0.0,0.0,0.0,1521651.4298837085
2023-06-22,1493860.8421207562,1436638.355193872,1625575.1694544954,1493860.8421207562,1493860.8421207562,0.0,0.0,0.0,0.0,0.0,0.0,0.0,0.0,0.0,0.0,0.0,0.0,0.0,0.0,0.0,0.0,0.0,0.0,0.0,0.0,0.0,0.0,0.0,0.0,0.0,0.0,0.0,0.0,0.0,0.0,0.0,0.0,0.0,0.0268350232303283,0.0268350232303283,0.0268350232303283,-3.356731099962545e-05,-3.356731099962545e-05,-3.356731099962545e-05,0.026868590541328,0.026868590541328,0.026868590541328,0.0,0.0,0.0,1533948.6325219448
2023-06-23,1505220.7833417745,1458876.0607735345,1628474.250551101,1505220.7833417745,1505220.7833417745,0.0,0.0,0.0,0.0,0.0,0.0,0.0,0.0,0.0,0.0,0.0,0.0,0.0,0.0,0.0,0.0,0.0,0.0,0.0,0.0,0.0,0.0,0.0,0.0,0.0,0.0,0.0,0.0,0.0,0.0,0.0,0.0,0.0,0.0270329565739817,0.0270329565739817,0.0270329565739817,-4.983770822643849e-06,-4.983770822643849e-06,-4.983770822643849e-06,0.0270379403448044,0.0270379403448044,0.0270379403448044,0.0,0.0,0.0,1545911.3514121072
2023-06-24,1516580.7245627916,1471903.965178016,1646754.734850703,1516580.7245627916,1516580.7245627916,0.0,0.0,0.0,0.0,0.0,0.0,0.0,0.0,0.0,0.0,0.0,0.0,0.0,0.0,0.0,0.0,0.0,0.0,0.0,0.0,0.0,0.0,0.0,0.0,0.0,0.0,0.0,0.0,0.0,0.0,0.0,0.0,0.0,0.027838566030151,0.027838566030151,0.027838566030151,0.0006527986307433,0.0006527986307433,0.0006527986307433,0.0271857673994077,0.0271857673994077,0.0271857673994077,0.0,0.0,0.0,1558800.1572035872
2023-06-25,1527940.6657838095,1486617.9650491222,1661323.52870289,1527940.6657838095,1527940.6657838095,0.0,0.0,0.0,0.0,0.0,0.0,0.0,0.0,0.0,0.0,0.0,0.0,0.0,0.0,0.0,0.0,0.0,0.0,0.0,0.0,0.0,0.0,0.0,0.0,0.0,0.0,0.0,0.0,0.0,0.0,0.0,0.0,0.0,0.0285989001515124,0.0285989001515124,0.0285989001515124,0.0012943274964939,0.0012943274964939,0.0012943274964939,0.0273045726550185,0.0273045726550185,0.0273045726550185,0.0,0.0,0.0,1571638.0883219966
2023-06-26,1539300.6070048278,1490928.696686329,1666971.514626758,1539300.6070048278,1539300.6070048278,0.0,0.0,0.0,0.0,0.0,0.0,0.0,0.0,0.0,0.0,0.0,0.0,0.0,0.0,0.0,0.0,0.0,0.0,0.0,0.0,0.0,0.0,0.0,0.0,0.0,0.0,0.0,0.0,0.0,0.0,0.0,0.0,0.0,0.0266872959789055,0.0266872959789055,0.0266872959789055,-0.000699339119166,-0.000699339119166,-0.000699339119166,0.0273866350980715,0.0273866350980715,0.0273866350980715,0.0,0.0,0.0,1580380.3779044745
2023-06-27,1550660.548225846,1505453.833600983,1680002.2348883534,1550660.548225846,1550660.548225846,0.0,0.0,0.0,0.0,0.0,0.0,0.0,0.0,0.0,0.0,0.0,0.0,0.0,0.0,0.0,0.0,0.0,0.0,0.0,0.0,0.0,0.0,0.0,0.0,0.0,0.0,0.0,0.0,0.0,0.0,0.0,0.0,0.0,0.0264913450992933,0.0264913450992933,0.0264913450992933,-0.000932882629804,-0.000932882629804,-0.000932882629804,0.0274242277290974,0.0274242277290974,0.0274242277290974,0.0,0.0,0.0,1591739.6319407562
2023-06-28,1562020.3310404443,1514442.729929469,1694941.876087116,1562020.3310404443,1562020.3310404443,0.0,0.0,0.0,0.0,0.0,0.0,0.0,0.0,0.0,0.0,0.0,0.0,0.0,0.0,0.0,0.0,0.0,0.0,0.0,0.0,0.0,0.0,0.0,0.0,0.0,0.0,0.0,0.0,0.0,0.0,0.0,0.0,0.0,0.0271334832467028,0.0271334832467028,0.0271334832467028,-0.000276353296444,-0.000276353296444,-0.000276353296444,0.0274098365431468,0.0274098365431468,0.0274098365431468,0.0,0.0,0.0,1604403.3835237396
2023-06-29,1573380.113855043,1525285.868303829,1708198.9934621742,1573380.113855043,1573380.113855043,0.0,0.0,0.0,0.0,0.0,0.0,0.0,0.0,0.0,0.0,0.0,0.0,0.0,0.0,0.0,0.0,0.0,0.0,0.0,0.0,0.0,0.0,0.0,0.0,0.0,0.0,0.0,0.0,0.0,0.0,0.0,0.0,0.0,0.0273028087199978,0.0273028087199978,0.0273028087199978,-3.356731100026742e-05,-3.356731100026742e-05,-3.356731100026742e-05,0.0273363760309981,0.0273363760309981,0.0273363760309981,0.0,0.0,0.0,1616337.8101474757
2023-06-30,1584739.8966696414,1538205.9778252922,1722487.639242556,1584739.8966696414,1584739.8966696414,0.0,0.0,0.0,0.0,0.0,0.0,0.0,0.0,0.0,0.0,0.0,0.0,0.0,0.0,0.0,0.0,0.0,0.0,0.0,0.0,0.0,0.0,0.0,0.0,0.0,0.0,0.0,0.0,0.0,0.0,0.0,0.0,0.0,0.0271924110582395,0.0271924110582395,0.0271924110582395,-4.9837708205150994e-06,-4.9837708205150994e-06,-4.9837708205150994e-06,0.02719739482906,0.02719739482906,0.02719739482906,0.0,0.0,0.0,1627832.7953602744
2023-07-01,1596099.6794842398,1547060.3912248544,1728399.010675826,1596099.6794842398,1596099.6794842398,0.0,0.0,0.0,0.0,0.0,0.0,0.0,0.0,0.0,0.0,0.0,0.0,0.0,0.0,0.0,0.0,0.0,0.0,0.0,0.0,0.0,0.0,0.0,0.0,0.0,0.0,0.0,0.0,0.0,0.0,0.0,0.0,0.0,0.0276400640739254,0.0276400640739254,0.0276400640739254,0.0006527986307439,0.0006527986307439,0.0006527986307439,0.0269872654431815,0.0269872654431815,0.0269872654431815,0.0,0.0,0.0,1640215.9768935563
2023-07-02,1607459.4622988384,1561666.3630096046,1743346.5371954602,1607459.4622988384,1607459.4622988384,0.0,0.0,0.0,0.0,0.0,0.0,0.0,0.0,0.0,0.0,0.0,0.0,0.0,0.0,0.0,0.0,0.0,0.0,0.0,0.0,0.0,0.0,0.0,0.0,0.0,0.0,0.0,0.0,0.0,0.0,0.0,0.0,0.0,0.0279956799436238,0.0279956799436238,0.0279956799436238,0.0012943274964931,0.0012943274964931,0.0012943274964931,0.0267013524471306,0.0267013524471306,0.0267013524471306,0.0,0.0,0.0,1652461.3829277065
2023-07-03,1618819.2451134368,1575126.4647896704,1751759.3815334465,1618819.2451134368,1618819.2451134368,0.0,0.0,0.0,0.0,0.0,0.0,0.0,0.0,0.0,0.0,0.0,0.0,0.0,0.0,0.0,0.0,0.0,0.0,0.0,0.0,0.0,0.0,0.0,0.0,0.0,0.0,0.0,0.0,0.0,0.0,0.0,0.0,0.0,0.0256368150766631,0.0256368150766631,0.0256368150766631,-0.000699339119167,-0.000699339119167,-0.000699339119167,0.0263361541958302,0.0263361541958302,0.0263361541958302,0.0,0.0,0.0,1660320.6147429536
2023-07-04,1630179.0279280352,1584578.6041334344,1757954.0775853505,1630179.0279280352,1630179.0279280352,0.0,0.0,0.0,0.0,0.0,0.0,0.0,0.0,0.0,0.0,0.0,0.0,0.0,0.0,0.0,0.0,0.0,0.0,0.0,0.0,0.0,0.0,0.0,0.0,0.0,0.0,0.0,0.0,0.0,0.0,0.0,0.0,0.0,0.0249565312477724,0.0249565312477724,0.0249565312477724,-0.0009328826298027,-0.0009328826298027,-0.0009328826298027,0.0258894138775752,0.0258894138775752,0.0258894138775752,0.0,0.0,0.0,1670862.6417779846
2023-07-05,1641538.810742634,1594102.856529686,1770402.5616027317,1641538.810742634,1641538.810742634,0.0,0.0,0.0,0.0,0.0,0.0,0.0,0.0,0.0,0.0,0.0,0.0,0.0,0.0,0.0,0.0,0.0,0.0,0.0,0.0,0.0,0.0,0.0,0.0,0.0,0.0,0.0,0.0,0.0,0.0,0.0,0.0,0.0,0.0250838433385461,0.0250838433385461,0.0250838433385461,-0.000276353296443,-0.000276353296443,-0.000276353296443,0.0253601966349891,0.0253601966349891,0.0253601966349891,0.0,0.0,0.0,1682714.9131054454
2023-07-06,1652898.5935572323,1600165.7762112175,1777208.065203242,1652898.5935572323,1652898.5935572323,0.0,0.0,0.0,0.0,0.0,0.0,0.0,0.0,0.0,0.0,0.0,0.0,0.0,0.0,0.0,0.0,0.0,0.0,0.0,0.0,0.0,0.0,0.0,0.0,0.0,0.0,0.0,0.0,0.0,0.0,0.0,0.0,0.0,0.024715363173559,0.024715363173559,0.024715363173559,-3.356731100090939e-05,-3.356731100090939e-05,-3.356731100090939e-05,0.0247489304845599,0.0247489304845599,0.0247489304845599,0.0,0.0,0.0,1693750.5825860642
2023-07-07,1664258.3763718307,1614916.812209912,1791589.736172746,1664258.3763718307,1664258.3763718307,0.0,0.0,0.0,0.0,0.0,0.0,0.0,0.0,0.0,0.0,0.0,0.0,0.0,0.0,0.0,0.0,0.0,0.0,0.0,0.0,0.0,0.0,0.0,0.0,0.0,0.0,0.0,0.0,0.0,0.0,0.0,0.0,0.0,0.0240524260589665,0.0240524260589665,0.0240524260589665,-4.983770821307245e-06,-4.983770821307245e-06,-4.983770821307245e-06,0.0240574098297878,0.0240574098297878,0.0240574098297878,0.0,0.0,0.0,1704287.82791253
2023-07-08,1675618.159186429,1625676.6339108064,1809397.9779660483,1675618.159186429,1675618.159186429,0.0,0.0,0.0,0.0,0.0,0.0,0.0,0.0,0.0,0.0,0.0,0.0,0.0,0.0,0.0,0.0,0.0,0.0,0.0,0.0,0.0,0.0,0.0,0.0,0.0,0.0,0.0,0.0,0.0,0.0,0.0,0.0,0.0,0.0239415600923163,0.0239415600923163,0.0239415600923163,0.0006527986307401,0.0006527986307401,0.0006527986307401,0.0232887614615762,0.0232887614615762,0.0232887614615762,0.0,0.0,0.0,1715735.0720363676
2023-07-09,1686977.9420010282,1639525.9741452618,1815171.1615881156,1686977.9420010282,1686977.9420010282,0.0,0.0,0.0,0.0,0.0,0.0,0.0,0.0,0.0,0.0,0.0,0.0,0.0,0.0,0.0,0.0,0.0,0.0,0.0,0.0,0.0,0.0,0.0,0.0,0.0,0.0,0.0,0.0,0.0,0.0,0.0,0.0,0.0,0.0237417015359744,0.0237417015359744,0.0237417015359744,0.0012943274964922,0.0012943274964922,0.0012943274964922,0.0224473740394821,0.0224473740394821,0.0224473740394821,0.0,0.0,0.0,1727029.668797789
2023-07-10,1698337.7248156269,1645587.9767898454,1825559.4556200968,1698337.7248156269,1698337.7248156269,0.0,0.0,0.0,0.0,0.0,0.0,0.0,0.0,0.0,0.0,0.0,0.0,0.0,0.0,0.0,0.0,0.0,0.0,0.0,0.0,0.0,0.0,0.0,0.0,0.0,0.0,0.0,0.0,0.0,0.0,0.0,0.0,0.0,0.0208394539968668,0.0208394539968668,0.0208394539968668,-0.0006993391191686,-0.0006993391191686,-0.0006993391191686,0.0215387931160355,0.0215387931160355,0.0215387931160355,0.0,0.0,0.0,1733730.1557030657
2023-07-11,1709697.5076302253,1657249.2758189498,1827268.6678609587,1709697.5076302253,1709697.5076302253,0.0,0.0,0.0,0.0,0.0,0.0,0.0,0.0,0.0,0.0,0.0,0.0,0.0,0.0,0.0,0.0,0.0,0.0,0.0,0.0,0.0,0.0,0.0,0.0,0.0,0.0,0.0,0.0,0.0,0.0,0.0,0.0,0.0,0.0196367021427803,0.0196367021427803,0.0196367021427803,-0.0009328826298039,-0.0009328826298039,-0.0009328826298039,0.0205695847725843,0.0205695847725843,0.0205695847725843,0.0,0.0,0.0,1743270.328341814
2023-07-12,1721057.2904448237,1669331.9413635908,1844962.724653936,1721057.2904448237,1721057.2904448237,0.0,0.0,0.0,0.0,0.0,0.0,0.0,0.0,0.0,0.0,0.0,0.0,0.0,0.0,0.0,0.0,0.0,0.0,0.0,0.0,0.0,0.0,0.0,0.0,0.0,0.0,0.0,0.0,0.0,0.0,0.0,0.0,0.0,0.0192708185526698,0.0192708185526698,0.0192708185526698,-0.000276353296442,-0.000276353296442,-0.000276353296442,0.0195471718491118,0.0195471718491118,0.0195471718491118,0.0,0.0,0.0,1754223.4732077357
2023-07-13,1732417.0732594223,1686778.0020076858,1855003.0796010487,1732417.0732594223,1732417.0732594223,0.0,0.0,0.0,0.0,0.0,0.0,0.0,0.0,0.0,0.0,0.0,0.0,0.0,0.0,0.0,0.0,0.0,0.0,0.0,0.0,0.0,0.0,0.0,0.0,0.0,0.0,0.0,0.0,0.0,0.0,0.0,0.0,0.0,0.0184460802346743,0.0184460802346743,0.0184460802346743,-3.35673110001573e-05,-3.35673110001573e-05,-3.35673110001573e-05,0.0184796475456745,0.0184796475456745,0.0184796475456745,0.0,0.0,0.0,1764373.3775926854
2023-07-14,1743776.8560740207,1678594.6341620048,1862323.8863066696,1743776.8560740207,1743776.8560740207,0.0,0.0,0.0,0.0,0.0,0.0,0.0,0.0,0.0,0.0,0.0,0.0,0.0,0.0,0.0,0.0,0.0,0.0,0.0,0.0,0.0,0.0,0.0,0.0,0.0,0.0,0.0,0.0,0.0,0.0,0.0,0.0,0.0,0.0173705880554663,0.0173705880554663,0.0173705880554663,-4.9837708206389424e-06,-4.9837708206389424e-06,-4.9837708206389424e-06,0.0173755718262869,0.0173755718262869,0.0173755718262869,0.0,0.0,0.0,1774067.2855015383
2023-07-15,1755136.6388886191,1695905.290242205,1871839.678586153,1755136.6388886191,1755136.6388886191,0.0,0.0,0.0,0.0,0.0,0.0,0.0,0.0,0.0,0.0,0.0,0.0,0.0,0.0,0.0,0.0,0.0,0.0,0.0,0.0,0.0,0.0,0.0,0.0,0.0,0.0,0.0,0.0,0.0,0.0,0.0,0.0,0.0,0.0168965551787825,0.0168965551787825,0.0168965551787825,0.0006527986307416,0.0006527986307416,0.0006527986307416,0.0162437565480409,0.0162437565480409,0.0162437565480409,0.0,0.0,0.0,1784792.4019539035
2023-07-16,1766496.4217032178,1711265.6917686956,1886758.1850528563,1766496.4217032178,1766496.4217032178,0.0,0.0,0.0,0.0,0.0,0.0,0.0,0.0,0.0,0.0,0.0,0.0,0.0,0.0,0.0,0.0,0.0,0.0,0.0,0.0,0.0,0.0,0.0,0.0,0.0,0.0,0.0,0.0,0.0,0.0,0.0,0.0,0.0,0.0163873730513791,0.0163873730513791,0.0163873730513791,0.0012943274964916,0.0012943274964916,0.0012943274964916,0.0150930455548875,0.0150930455548875,0.0150930455548875,0.0,0.0,0.0,1795444.657559595
2023-07-17,1777856.2045178162,1703516.8811903717,1886417.6871097265,1777856.2045178162,1777856.2045178162,0.0,0.0,0.0,0.0,0.0,0.0,0.0,0.0,0.0,0.0,0.0,0.0,0.0,0.0,0.0,0.0,0.0,0.0,0.0,0.0,0.0,0.0,0.0,0.0,0.0,0.0,0.0,0.0,0.0,0.0,0.0,0.0,0.0,0.0132327569885917,0.0132327569885917,0.0132327569885917,-0.0006993391191697,-0.0006993391191697,-0.0006993391191697,0.0139320961077614,0.0139320961077614,0.0139320961077614,0.0,0.0,0.0,1801382.1436328604
2023-07-18,1789215.9873324146,1723259.887904602,1902703.4671627495,1789215.9873324146,1789215.9873324146,0.0,0.0,0.0,0.0,0.0,0.0,0.0,0.0,0.0,0.0,0.0,0.0,0.0,0.0,0.0,0.0,0.0,0.0,0.0,0.0,0.0,0.0,0.0,0.0,0.0,0.0,0.0,0.0,0.0,0.0,0.0,0.0,0.0,0.0118362853370105,0.0118362853370105,0.0118362853370105,-0.0009328826298026,-0.0009328826298026,-0.0009328826298026,0.0127691679668131,0.0127691679668131,0.0127691679668131,0.0,0.0,0.0,1810393.6582880216
2023-07-19,1800575.7701470132,1730854.0114825526,1908709.5757535505,1800575.7701470132,1800575.7701470132,0.0,0.0,0.0,0.0,0.0,0.0,0.0,0.0,0.0,0.0,0.0,0.0,0.0,0.0,0.0,0.0,0.0,0.0,0.0,0.0,0.0,0.0,0.0,0.0,0.0,0.0,0.0,0.0,0.0,0.0,0.0,0.0,0.0,0.011335572903016,0.011335572903016,0.011335572903016,-0.0002763532964444,-0.0002763532964444,-0.0002763532964444,0.0116119261994604,0.0116119261994604,0.0116119261994604,0.0,0.0,0.0,1820986.328056919
2023-07-20,1811935.552961612,1741873.3297753662,1923822.9555635804,1811935.552961612,1811935.552961612,0.0,0.0,0.0,0.0,0.0,0.0,0.0,0.0,0.0,0.0,0.0,0.0,0.0,0.0,0.0,0.0,0.0,0.0,0.0,0.0,0.0,0.0,0.0,0.0,0.0,0.0,0.0,0.0,0.0,0.0,0.0,0.0,0.0,0.0104336960561044,0.0104336960561044,0.0104336960561044,-3.356731100079927e-05,-3.356731100079927e-05,-3.356731100079927e-05,0.0104672633671052,0.0104672633671052,0.0104672633671052,0.0,0.0,0.0,1830840.7377944624
2023-07-21,1823295.3357762108,1751177.603969762,1926732.5478582997,1823295.3357762108,1823295.3357762108,0.0,0.0,0.0,0.0,0.0,0.0,0.0,0.0,0.0,0.0,0.0,0.0,0.0,0.0,0.0,0.0,0.0,0.0,0.0,0.0,0.0,0.0,0.0,0.0,0.0,0.0,0.0,0.0,0.0,0.0,0.0,0.0,0.0,0.009336162385609,0.009336162385609,0.009336162385609,-4.983770821431088e-06,-4.983770821431088e-06,-4.983770821431088e-06,0.0093411461564305,0.0093411461564305,0.0093411461564305,0.0,0.0,0.0,1840317.917107941
2023-07-22,1834655.1185908087,1757022.98881748,1938714.7694033447,1834655.1185908087,1834655.1185908087,0.0,0.0,0.0,0.0,0.0,0.0,0.0,0.0,0.0,0.0,0.0,0.0,0.0,0.0,0.0,0.0,0.0,0.0,0.0,0.0,0.0,0.0,0.0,0.0,0.0,0.0,0.0,0.0,0.0,0.0,0.0,0.0,0.0,0.0088912894162905,0.0088912894162905,0.0088912894162905,0.0006527986307413,0.0006527986307413,0.0006527986307413,0.0082384907855492,0.0082384907855492,0.0082384907855492,0.0,0.0,0.0,1850967.5682292783
2023-07-23,1846014.901405407,1775538.923051942,1949930.4008581825,1846014.901405407,1846014.901405407,0.0,0.0,0.0,0.0,0.0,0.0,0.0,0.0,0.0,0.0,0.0,0.0,0.0,0.0,0.0,0.0,0.0,0.0,0.0,0.0,0.0,0.0,0.0,0.0,0.0,0.0,0.0,0.0,0.0,0.0,0.0,0.0,0.0,0.0084573981494619,0.0084573981494619,0.0084573981494619,0.0012943274964951,0.0012943274964951,0.0012943274964951,0.0071630706529668,0.0071630706529668,0.0071630706529668,0.0,0.0,0.0,1861627.3844164328
2023-07-24,1857374.6842200053,1776781.1448805588,1954075.0771727692,1857374.6842200053,1857374.6842200053,0.0,0.0,0.0,0.0,0.0,0.0,0.0,0.0,0.0,0.0,0.0,0.0,0.0,0.0,0.0,0.0,0.0,0.0,0.0,0.0,0.0,0.0,0.0,0.0,0.0,0.0,0.0,0.0,0.0,0.0,0.0,0.0,0.0,0.0054181196147958,0.0054181196147958,0.0054181196147958,-0.0006993391191643,-0.0006993391191643,-0.0006993391191643,0.0061174587339602,0.0061174587339602,0.0061174587339602,0.0,0.0,0.0,1867438.1624286035
2023-07-25,1868734.467034604,1788175.8228257815,1966900.9072270703,1868734.467034604,1868734.467034604,0.0,0.0,0.0,0.0,0.0,0.0,0.0,0.0,0.0,0.0,0.0,0.0,0.0,0.0,0.0,0.0,0.0,0.0,0.0,0.0,0.0,0.0,0.0,0.0,0.0,0.0,0.0,0.0,0.0,0.0,0.0,0.0,0.0,0.0041701235632351,0.0041701235632351,0.0041701235632351,-0.0009328826298026,-0.0009328826298026,-0.0009328826298026,0.0051030061930378,0.0051030061930378,0.0051030061930378,0.0,0.0,0.0,1876527.320669015
2023-07-26,1880094.2498492028,1800103.9448240695,1976496.7596115104,1880094.2498492028,1880094.2498492028,0.0,0.0,0.0,0.0,0.0,0.0,0.0,0.0,0.0,0.0,0.0,0.0,0.0,0.0,0.0,0.0,0.0,0.0,0.0,0.0,0.0,0.0,0.0,0.0,0.0,0.0,0.0,0.0,0.0,0.0,0.0,0.0,0.0,0.0038435043069425,0.0038435043069425,0.0038435043069425,-0.000276353296445,-0.000276353296445,-0.000276353296445,0.0041198576033875,0.0041198576033875,0.0041198576033875,0.0,0.0,0.0,1887320.400195956
2023-07-27,1887714.1438363371,1808851.0631365003,1978002.804680456,1887714.1438363371,1887714.1438363371,0.0,0.0,0.0,0.0,0.0,0.0,0.0,0.0,0.0,0.0,0.0,0.0,0.0,0.0,0.0,0.0,0.0,0.0,0.0,0.0,0.0,0.0,0.0,0.0,0.0,0.0,0.0,0.0,0.0,0.0,0.0,0.0,0.0,0.0031334347655711,0.0031334347655711,0.0031334347655711,-3.356731099973308e-05,-3.356731099973308e-05,-3.356731099973308e-05,0.0031670020765708,0.0031670020765708,0.0031670020765708,0.0,0.0,0.0,1893629.1729620944
2023-07-28,1895334.037823472,1807806.0012409925,1983103.3181557723,1895334.037823472,1895334.037823472,0.0,0.0,0.0,0.0,0.0,0.0,0.0,0.0,0.0,0.0,0.0,0.0,0.0,0.0,0.0,0.0,0.0,0.0,0.0,0.0,0.0,0.0,0.0,0.0,0.0,0.0,0.0,0.0,0.0,0.0,0.0,0.0,0.0,0.0022373747694679,0.0022373747694679,0.0022373747694679,-4.983770820762758e-06,-4.983770820762758e-06,-4.983770820762758e-06,0.0022423585402886,0.0022423585402886,0.0022423585402886,0.0,0.0,0.0,1899574.610379412
2023-07-29,1902953.9318106065,1818691.0452501485,1995790.278943881,1902953.9318106065,1902953.9318106065,0.0,0.0,0.0,0.0,0.0,0.0,0.0,0.0,0.0,0.0,0.0,0.0,0.0,0.0,0.0,0.0,0.0,0.0,0.0,0.0,0.0,0.0,0.0,0.0,0.0,0.0,0.0,0.0,0.0,0.0,0.0,0.0,0.0,0.0019956910212029,0.0019956910212029,0.0019956910212029,0.0006527986307428,0.0006527986307428,0.0006527986307428,0.0013428923904601,0.0013428923904601,0.0013428923904601,0.0,0.0,0.0,1906751.6398860835
2023-07-30,1910573.8257977408,1828596.296132244,1998505.2224353116,1910573.8257977408,1910573.8257977408,0.0,0.0,0.0,0.0,0.0,0.0,0.0,0.0,0.0,0.0,0.0,0.0,0.0,0.0,0.0,0.0,0.0,0.0,0.0,0.0,0.0,0.0,0.0,0.0,0.0,0.0,0.0,0.0,0.0,0.0,0.0,0.0,0.0,0.0017590873122539,0.0017590873122539,0.0017590873122539,0.0012943274964943,0.0012943274964943,0.0012943274964943,0.0004647598157596,0.0004647598157596,0.0004647598157596,0.0,0.0,0.0,1913934.691973826
2023-07-31,1918193.7197848752,1825286.8970316604,2008509.867203788,1918193.7197848752,1918193.7197848752,0.0,0.0,0.0,0.0,0.0,0.0,0.0,0.0,0.0,0.0,0.0,0.0,0.0,0.0,0.0,0.0,0.0,0.0,0.0,0.0,0.0,0.0,0.0,0.0,0.0,0.0,0.0,0.0,0.0,0.0,0.0,0.0,0.0,-0.0010958638432,-0.0010958638432,-0.0010958638432,-0.0006993391191653,-0.0006993391191653,-0.0006993391191653,-0.0003965247240346,-0.0003965247240346,-0.0003965247240346,0.0,0.0,0.0,1916091.6406431096
2023-08-01,1925813.6137720093,1833636.354220485,2013064.235492044,1925813.6137720093,1925813.6137720093,0.0,0.0,0.0,0.0,0.0,0.0,0.0,0.0,0.0,0.0,0.0,0.0,0.0,0.0,0.0,0.0,0.0,0.0,0.0,0.0,0.0,0.0,0.0,0.0,0.0,0.0,0.0,0.0,0.0,0.0,0.0,0.0,0.0,-0.0021787856960995,-0.0021787856960995,-0.0021787856960995,-0.0009328826298013,-0.0009328826298013,-0.0009328826298013,-0.0012459030662981,-0.0012459030662981,-0.0012459030662981,0.0,0.0,0.0,1921617.6786169691
2023-08-02,1933433.507759144,1846086.0104090648,2022911.3895821855,1933433.507759144,1933433.507759144,0.0,0.0,0.0,0.0,0.0,0.0,0.0,0.0,0.0,0.0,0.0,0.0,0.0,0.0,0.0,0.0,0.0,0.0,0.0,0.0,0.0,0.0,0.0,0.0,0.0,0.0,0.0,0.0,0.0,0.0,0.0,0.0,0.0,-0.0023649289835945,-0.0023649289835945,-0.0023649289835945,-0.0002763532964424,-0.0002763532964424,-0.0002763532964424,-0.002088575687152,-0.002088575687152,-0.002088575687152,0.0,0.0,0.0,1928861.074818792
2023-08-03,1941053.4017462784,1841779.866554371,2021757.4012116664,1941053.4017462784,1941053.4017462784,0.0,0.0,0.0,0.0,0.0,0.0,0.0,0.0,0.0,0.0,0.0,0.0,0.0,0.0,0.0,0.0,0.0,0.0,0.0,0.0,0.0,0.0,0.0,0.0,0.0,0.0,0.0,0.0,0.0,0.0,0.0,0.0,0.0,-0.0029633652096451,-0.0029633652096451,-0.0029633652096451,-3.3567311002083216e-05,-3.3567311002083216e-05,-3.3567311002083216e-05,-0.002929797898643,-0.002929797898643,-0.002929797898643,0.0,0.0,0.0,1935301.3516254805
2023-08-04,1948673.2957334127,1851146.1583739496,2025123.9758813265,1948673.2957334127,1948673.2957334127,0.0,0.0,0.0,0.0,0.0,0.0,0.0,0.0,0.0,0.0,0.0,0.0,0.0,0.0,0.0,0.0,0.0,0.0,0.0,0.0,0.0,0.0,0.0,0.0,0.0,0.0,0.0,0.0,0.0,0.0,0.0,0.0,0.0,-0.0037796599286746,-0.0037796599286746,-0.0037796599286746,-4.983770821944132e-06,-4.983770821944132e-06,-4.983770821944132e-06,-0.0037746761578527,-0.0037746761578527,-0.0037746761578527,0.0,0.0,0.0,1941307.9733634512
2023-08-05,1956293.1897205475,1854098.8305919685,2034353.0719241344,1956293.1897205475,1956293.1897205475,0.0,0.0,0.0,0.0,0.0,0.0,0.0,0.0,0.0,0.0,0.0,0.0,0.0,0.0,0.0,0.0,0.0,0.0,0.0,0.0,0.0,0.0,0.0,0.0,0.0,0.0,0.0,0.0,0.0,0.0,0.0,0.0,0.0,-0.0039751721011134,-0.0039751721011134,-0.0039751721011134,0.0006527986307434,0.0006527986307434,0.0006527986307434,-0.0046279707318568,-0.0046279707318568,-0.0046279707318568,0.0,0.0,0.0,1948516.587611172
2023-08-06,1963913.083707682,1874528.1081157743,2047581.2419756143,1963913.083707682,1963913.083707682,0.0,0.0,0.0,0.0,0.0,0.0,0.0,0.0,0.0,0.0,0.0,0.0,0.0,0.0,0.0,0.0,0.0,0.0,0.0,0.0,0.0,0.0,0.0,0.0,0.0,0.0,0.0,0.0,0.0,0.0,0.0,0.0,0.0,-0.0041995832675803,-0.0041995832675803,-0.0041995832675803,0.0012943274964934,0.0012943274964934,0.0012943274964934,-0.0054939107640737,-0.0054939107640737,-0.0054939107640737,0.0,0.0,0.0,1955665.4671823613
2023-08-07,1971532.977694817,1872273.43368792,2050766.9508261783,1971532.977694817,1971532.977694817,0.0,0.0,0.0,0.0,0.0,0.0,0.0,0.0,0.0,0.0,0.0,0.0,0.0,0.0,0.0,0.0,0.0,0.0,0.0,0.0,0.0,0.0,0.0,0.0,0.0,0.0,0.0,0.0,0.0,0.0,0.0,0.0,0.0,-0.0070753665277751,-0.0070753665277751,-0.0070753665277751,-0.0006993391191669,-0.0006993391191669,-0.0006993391191669,-0.0063760274086081,-0.0063760274086081,-0.0063760274086081,0.0,0.0,0.0,1957583.65925603
2023-08-08,1979152.8716819508,1873285.2899677304,2043391.0783249773,1979152.8716819508,1979152.8716819508,0.0,0.0,0.0,0.0,0.0,0.0,0.0,0.0,0.0,0.0,0.0,0.0,0.0,0.0,0.0,0.0,0.0,0.0,0.0,0.0,0.0,0.0,0.0,0.0,0.0,0.0,0.0,0.0,0.0,0.0,0.0,0.0,0.0,-0.0082098927813556,-0.0082098927813556,-0.0082098927813556,-0.0009328826298012,-0.0009328826298012,-0.0009328826298012,-0.0072770101515543,-0.0072770101515543,-0.0072770101515543,0.0,0.0,0.0,1962904.23880753
2023-08-09,1986772.765669085,1876338.4455294905,2055477.038868416,1986772.765669085,1986772.765669085,0.0,0.0,0.0,0.0,0.0,0.0,0.0,0.0,0.0,0.0,0.0,0.0,0.0,0.0,0.0,0.0,0.0,0.0,0.0,0.0,0.0,0.0,0.0,0.0,0.0,0.0,0.0,0.0,0.0,0.0,0.0,0.0,0.0,-0.0084749440338643,-0.0084749440338643,-0.0084749440338643,-0.0002763532964465,-0.0002763532964465,-0.0002763532964465,-0.0081985907374178,-0.0081985907374178,-0.0081985907374178,0.0,0.0,0.0,1969934.977672034
2023-08-10,1994392.65965622,1884271.4232520785,2067268.492975709,1994392.65965622,1994392.65965622,0.0,0.0,0.0,0.0,0.0,0.0,0.0,0.0,0.0,0.0,0.0,0.0,0.0,0.0,0.0,0.0,0.0,0.0,0.0,0.0,0.0,0.0,0.0,0.0,0.0,0.0,0.0,0.0,0.0,0.0,0.0,0.0,0.0,-0.0091750255971009,-0.0091750255971009,-0.0091750255971009,-3.356731100101702e-05,-3.356731100101702e-05,-3.356731100101702e-05,-0.0091414582860998,-0.0091414582860998,-0.0091414582860998,0.0,0.0,0.0,1976094.055953204
2023-08-11,2002012.5536433544,1898413.0014373583,2068920.4448165295,2002012.5536433544,2002012.5536433544,0.0,0.0,0.0,0.0,0.0,0.0,0.0,0.0,0.0,0.0,0.0,0.0,0.0,0.0,0.0,0.0,0.0,0.0,0.0,0.0,0.0,0.0,0.0,0.0,0.0,0.0,0.0,0.0,0.0,0.0,0.0,0.0,0.0,-0.0101101920162343,-0.0101101920162343,-0.0101101920162343,-4.98377082127583e-06,-4.98377082127583e-06,-4.98377082127583e-06,-0.010105208245413,-0.010105208245413,-0.010105208245413,0.0,0.0,0.0,1981771.8223071084
2023-08-12,2009632.4476304888,1895653.5226434048,2080767.4825613687,2009632.4476304888,2009632.4476304888,0.0,0.0,0.0,0.0,0.0,0.0,0.0,0.0,0.0,0.0,0.0,0.0,0.0,0.0,0.0,0.0,0.0,0.0,0.0,0.0,0.0,0.0,0.0,0.0,0.0,0.0,0.0,0.0,0.0,0.0,0.0,0.0,0.0,-0.0104355281734123,-0.0104355281734123,-0.0104355281734123,0.0006527986307449,0.0006527986307449,0.0006527986307449,-0.0110883268041572,-0.0110883268041572,-0.0110883268041572,0.0,0.0,0.0,1988660.8716050368
2023-08-13,2017252.3416176236,1901389.335033916,2084604.2428022905,2017252.3416176236,2017252.3416176236,0.0,0.0,0.0,0.0,0.0,0.0,0.0,0.0,0.0,0.0,0.0,0.0,0.0,0.0,0.0,0.0,0.0,0.0,0.0,0.0,0.0,0.0,0.0,0.0,0.0,0.0,0.0,0.0,0.0,0.0,0.0,0.0,0.0,-0.0107938838245547,-0.0107938838245547,-0.0107938838245547,0.0012943274964928,0.0012943274964928,0.0012943274964928,-0.0120882113210475,-0.0120882113210475,-0.0120882113210475,0.0,0.0,0.0,1995478.354197392
2023-08-14,2024872.235604758,1902779.318212672,2092541.3799589989,2024872.235604758,2024872.235604758,0.0,0.0,0.0,0.0,0.0,0.0,0.0,0.0,0.0,0.0,0.0,0.0,0.0,0.0,0.0,0.0,0.0,0.0,0.0,0.0,0.0,0.0,0.0,0.0,0.0,0.0,0.0,0.0,0.0,0.0,0.0,0.0,0.0,-0.0138005653564902,-0.0138005653564902,-0.0138005653564902,-0.0006993391191674,-0.0006993391191674,-0.0006993391191674,-0.0131012262373227,-0.0131012262373227,-0.0131012262373227,0.0,0.0,0.0,1996927.853978752
2023-08-15,2032492.1295918925,1906797.540518976,2082362.925146384,2032492.1295918925,2032492.1295918925,0.0,0.0,0.0,-0.0044775376,-0.0044775376,-0.0044775376,0.0,0.0,0.0,0.0,0.0,0.0,0.0,0.0,0.0,0.0,0.0,0.0,0.0,0.0,0.0,0.0,0.0,0.0,0.0,0.0,0.0,0.0,0.0,0.0,-0.0044775376,-0.0044775376,-0.0044775376,-0.0195332130974763,-0.0195332130974763,-0.0195332130974763,-0.000932882629803,-0.000932882629803,-0.000932882629803,-0.0141227928676732,-0.0141227928676732,-0.0141227928676732,0.0,0.0,0.0,1992791.0277056303
2023-08-16,2040112.0235790268,1919583.830304062,2096387.3957177089,2040112.0235790268,2040112.0235790268,0.0,0.0,0.0,0.0,0.0,0.0,0.0,0.0,0.0,0.0,0.0,0.0,0.0,0.0,0.0,0.0,0.0,0.0,0.0,0.0,0.0,0.0,0.0,0.0,0.0,0.0,0.0,0.0,0.0,0.0,0.0,0.0,0.0,-0.015423863733479,-0.015423863733479,-0.015423863733479,-0.0002763532964439,-0.0002763532964439,-0.0002763532964439,-0.0151475104370351,-0.0151475104370351,-0.0151475104370351,0.0,0.0,0.0,2008645.613726312
2023-08-17,2047731.917566161,1926678.8455221008,2106094.6109421053,2047731.917566161,2047731.917566161,0.0,0.0,0.0,0.0,0.0,0.0,0.0,0.0,0.0,0.0,0.0,0.0,0.0,0.0,0.0,0.0,0.0,0.0,0.0,0.0,0.0,0.0,0.0,0.0,0.0,0.0,0.0,0.0,0.0,0.0,0.0,0.0,0.0,-0.0162028720913935,-0.0162028720913935,-0.0162028720913935,-3.356731099995083e-05,-3.356731099995083e-05,-3.356731099995083e-05,-0.0161693047803936,-0.0161693047803936,-0.0161693047803936,0.0,0.0,0.0,2014552.7792283725
2023-08-18,2055351.811553296,1929270.51540754,2106866.497132143,2055351.811553296,2055351.811553296,0.0,0.0,0.0,0.0,0.0,0.0,0.0,0.0,0.0,0.0,0.0,0.0,0.0,0.0,0.0,0.0,0.0,0.0,0.0,0.0,0.0,0.0,0.0,0.0,0.0,0.0,0.0,0.0,0.0,0.0,0.0,0.0,0.0,-0.0171865840478766,-0.0171865840478766,-0.0171865840478766,-4.98377082206784e-06,-4.98377082206784e-06,-4.98377082206784e-06,-0.0171816002770546,-0.0171816002770546,-0.0171816002770546,0.0,0.0,0.0,2020027.3348960795
2023-08-19,2062971.70554043,1942702.9851668288,2113834.0640805066,2062971.70554043,2062971.70554043,0.0,0.0,0.0,0.0,0.0,0.0,0.0,0.0,0.0,0.0,0.0,0.0,0.0,0.0,0.0,0.0,0.0,0.0,0.0,0.0,0.0,0.0,0.0,0.0,0.0,0.0,0.0,0.0,0.0,0.0,0.0,0.0,0.0,-0.017524711244667,-0.017524711244667,-0.017524711244667,0.0006527986307454,0.0006527986307454,0.0006527986307454,-0.0181775098754125,-0.0181775098754125,-0.0181775098754125,0.0,0.0,0.0,2026818.722094916
2023-08-20,2070591.5995275648,1939656.2527356755,2118745.456392677,2070591.5995275648,2070591.5995275648,0.0,0.0,0.0,0.0,0.0,0.0,0.0,0.0,0.0,0.0,0.0,0.0,0.0,0.0,0.0,0.0,0.0,0.0,0.0,0.0,0.0,0.0,0.0,0.0,0.0,0.0,0.0,0.0,0.0,0.0,0.0,0.0,0.0,-0.0178557100035011,-0.0178557100035011,-0.0178557100035011,0.0012943274964956,0.0012943274964956,0.0012943274964956,-0.0191500374999968,-0.0191500374999968,-0.0191500374999968,0.0,0.0,0.0,2033619.716390715
2023-08-21,2078211.4935146992,1950340.8851351177,2117321.334547109,2078211.4935146992,2078211.4935146992,0.0,0.0,0.0,0.0,0.0,0.0,0.0,0.0,0.0,0.0,0.0,0.0,0.0,0.0,0.0,0.0,0.0,0.0,0.0,0.0,0.0,0.0,0.0,0.0,0.0,0.0,0.0,0.0,0.0,0.0,0.0,0.0,0.0,-0.0207916258560652,-0.0207916258560652,-0.0207916258560652,-0.000699339119169,-0.000699339119169,-0.000699339119169,-0.0200922867368962,-0.0200922867368962,-0.0200922867368962,0.0,0.0,0.0,2035002.0976917672
2023-08-22,2085831.3875018335,1953261.6219346973,2127516.3842790728,2085831.3875018335,2085831.3875018335,0.0,0.0,0.0,0.0,0.0,0.0,0.0,0.0,0.0,0.0,0.0,0.0,0.0,0.0,0.0,0.0,0.0,0.0,0.0,0.0,0.0,0.0,0.0,0.0,0.0,0.0,0.0,0.0,0.0,0.0,0.0,0.0,0.0,-0.0219305521080605,-0.0219305521080605,-0.0219305521080605,-0.000932882629803,-0.000932882629803,-0.000932882629803,-0.0209976694782574,-0.0209976694782574,-0.0209976694782574,0.0,0.0,0.0,2040087.9535695969
2023-08-23,2093451.281488968,1957127.9199976136,2138656.8298162143,2093451.281488968,2093451.281488968,0.0,0.0,0.0,0.0,0.0,0.0,0.0,0.0,0.0,0.0,0.0,0.0,0.0,0.0,0.0,0.0,0.0,0.0,0.0,0.0,0.0,0.0,0.0,0.0,0.0,0.0,0.0,0.0,0.0,0.0,0.0,0.0,0.0,-0.0221364614747092,-0.0221364614747092,-0.0221364614747092,-0.0002763532964445,-0.0002763532964445,-0.0002763532964445,-0.0218601081782646,-0.0218601081782646,-0.0218601081782646,0.0,0.0,0.0,2047109.6778471067
2023-08-24,2101071.1754761026,1966035.7384163495,2138938.29570555,2101071.1754761026,2101071.1754761026,0.0,0.0,0.0,0.0,0.0,0.0,0.0,0.0,0.0,0.0,0.0,0.0,0.0,0.0,0.0,0.0,0.0,0.0,0.0,0.0,0.0,0.0,0.0,0.0,0.0,0.0,0.0,0.0,0.0,0.0,0.0,0.0,0.0,-0.022707792844102,-0.022707792844102,-0.022707792844102,-3.35673110005928e-05,-3.35673110005928e-05,-3.35673110005928e-05,-0.0226742255331014,-0.0226742255331014,-0.0226742255331014,0.0,0.0,0.0,2053360.4864726767
2023-08-25,2108691.0694632367,1971940.6775413027,2148749.017508416,2108691.0694632367,2108691.0694632367,0.0,0.0,0.0,0.0,0.0,0.0,0.0,0.0,0.0,0.0,0.0,0.0,0.0,0.0,0.0,0.0,0.0,0.0,0.0,0.0,0.0,0.0,0.0,0.0,0.0,0.0,0.0,0.0,0.0,0.0,0.0,0.0,0.0,-0.0234404995121602,-0.0234404995121602,-0.0234404995121602,-4.9837708199392526e-06,-4.9837708199392526e-06,-4.9837708199392526e-06,-0.0234355157413403,-0.0234355157413403,-0.0234355157413403,0.0,0.0,0.0,2059262.297478187
2023-08-26,2116310.9643178503,1978966.515965332,2145236.4505357924,2116310.9643178503,2116310.9643178503,0.0,0.0,0.0,0.0,0.0,0.0,0.0,0.0,0.0,0.0,0.0,0.0,0.0,0.0,0.0,0.0,0.0,0.0,0.0,0.0,0.0,0.0,0.0,0.0,0.0,0.0,0.0,0.0,0.0,0.0,0.0,0.0,0.0,-0.0234876933889284,-0.0234876933889284,-0.0234876933889284,0.0006527986307407,0.0006527986307407,0.0006527986307407,-0.0241404920196692,-0.0241404920196692,-0.0241404920196692,0.0,0.0,0.0,2066603.701272325
2023-08-27,2123930.859172464,1983816.442372818,2161484.030407837,2123930.859172464,2123930.859172464,0.0,0.0,0.0,0.0,0.0,0.0,0.0,0.0,0.0,0.0,0.0,0.0,0.0,0.0,0.0,0.0,0.0,0.0,0.0,0.0,0.0,0.0,0.0,0.0,0.0,0.0,0.0,0.0,0.0,0.0,0.0,0.0,0.0,-0.0234924782299801,-0.0234924782299801,-0.0234924782299801,0.0012943274964952,0.0012943274964952,0.0012943274964952,-0.0247868057264754,-0.0247868057264754,-0.0247868057264754,0.0,0.0,0.0,2074034.459701372
2023-08-28,2131550.754027077,1989223.292220044,2160793.645904212,2131550.754027077,2131550.754027077,0.0,0.0,0.0,0.0,0.0,0.0,0.0,0.0,0.0,0.0,0.0,0.0,0.0,0.0,0.0,0.0,0.0,0.0,0.0,0.0,0.0,0.0,0.0,0.0,0.0,0.0,0.0,0.0,0.0,0.0,0.0,0.0,0.0,-0.0260726723826682,-0.0260726723826682,-0.0260726723826682,-0.0006993391191706,-0.0006993391191706,-0.0006993391191706,-0.0253733332634975,-0.0253733332634975,-0.0253733332634975,0.0,0.0,0.0,2075975.5295503
2023-08-29,2139170.648881691,1996796.5212157213,2174407.869282818,2139170.648881691,2139170.648881691,0.0,0.0,0.0,0.0,0.0,0.0,0.0,0.0,0.0,0.0,0.0,0.0,0.0,0.0,0.0,0.0,0.0,0.0,0.0,0.0,0.0,0.0,0.0,0.0,0.0,0.0,0.0,0.0,0.0,0.0,0.0,0.0,0.0,-0.0268331104892808,-0.0268331104892808,-0.0268331104892808,-0.0009328826298017,-0.0009328826298017,-0.0009328826298017,-0.0259002278594791,-0.0259002278594791,-0.0259002278594791,0.0,0.0,0.0,2081770.0465048216
2023-08-30,2146790.543736304,1996554.1468331143,2179910.28647955,2146790.543736304,2146790.543736304,0.0,0.0,0.0,0.0,0.0,0.0,0.0,0.0,0.0,0.0,0.0,0.0,0.0,0.0,0.0,0.0,0.0,0.0,0.0,0.0,0.0,0.0,0.0,0.0,0.0,0.0,0.0,0.0,0.0,0.0,0.0,0.0,0.0,-0.0266452876589898,-0.0266452876589898,-0.0266452876589898,-0.0002763532964435,-0.0002763532964435,-0.0002763532964435,-0.0263689343625463,-0.0263689343625463,-0.0263689343625463,0.0,0.0,0.0,2089588.692154851
2023-08-31,2154410.4385909177,2003461.133408373,2185548.1761923893,2154410.4385909177,2154410.4385909177,0.0,0.0,0.0,0.0,0.0,0.0,0.0,0.0,0.0,0.0,0.0,0.0,0.0,0.0,0.0,0.0,0.0,0.0,0.0,0.0,0.0,0.0,0.0,0.0,0.0,0.0,0.0,0.0,0.0,0.0,0.0,0.0,0.0,-0.0268157335610349,-0.0268157335610349,-0.0268157335610349,-3.3567310998132546e-05,-3.3567310998132546e-05,-3.3567310998132546e-05,-0.0267821662500368,-0.0267821662500368,-0.0267821662500368,0.0,0.0,0.0,2096638.3422885512
2023-09-01,2162030.333445532,2012137.8227375003,2194442.890199552,2162030.333445532,2162030.333445532,0.0,0.0,0.0,0.0,0.0,0.0,0.0,0.0,0.0,0.0,0.0,0.0,0.0,0.0,0.0,0.0,0.0,0.0,0.0,0.0,0.0,0.0,0.0,0.0,0.0,0.0,0.0,0.0,0.0,0.0,0.0,0.0,0.0,-0.0271488289449735,-0.0271488289449735,-0.0271488289449735,-4.983770820731452e-06,-4.983770820731452e-06,-4.983770820731452e-06,-0.0271438451741528,-0.0271438451741528,-0.0271438451741528,0.0,0.0,0.0,2103333.741748974
2023-09-02,2169650.228300145,2020758.902739813,2196951.936586413,2169650.228300145,2169650.228300145,0.0,0.0,0.0,0.0,0.0,0.0,0.0,0.0,0.0,0.0,0.0,0.0,0.0,0.0,0.0,0.0,0.0,0.0,0.0,0.0,0.0,0.0,0.0,0.0,0.0,0.0,0.0,0.0,0.0,0.0,0.0,0.0,0.0,-0.0268062058359682,-0.0268062058359682,-0.0268062058359682,0.0006527986307413,0.0006527986307413,0.0006527986307413,-0.0274590044667096,-0.0274590044667096,-0.0274590044667096,0.0,0.0,0.0,2111490.137688276
2023-09-03,2177270.1231547585,2024823.3227122212,2206105.796164222,2177270.1231547585,2177270.1231547585,0.0,0.0,0.0,0.0,0.0,0.0,0.0,0.0,0.0,0.0,0.0,0.0,0.0,0.0,0.0,0.0,0.0,0.0,0.0,0.0,0.0,0.0,0.0,0.0,0.0,0.0,0.0,0.0,0.0,0.0,0.0,0.0,0.0,-0.0264393315974196,-0.0264393315974196,-0.0264393315974196,0.0012943274964944,0.0012943274964944,0.0012943274964944,-0.0277336590939141,-0.0277336590939141,-0.0277336590939141,0.0,0.0,0.0,2119704.556391516
2023-09-04,2184890.018009372,2040226.3189433636,2216585.2341370955,2184890.018009372,2184890.018009372,0.0,0.0,0.0,0.0,0.0,0.0,0.0,0.0,0.0,0.0,0.0,0.0,0.0,0.0,0.0,0.0,0.0,0.0,0.0,0.0,0.0,0.0,0.0,0.0,0.0,0.0,0.0,0.0,0.0,0.0,0.0,0.0,0.0,-0.0286739846705866,-0.0286739846705866,-0.0286739846705866,-0.0006993391191716,-0.0006993391191716,-0.0006993391191716,-0.0279746455514149,-0.0279746455514149,-0.0279746455514149,0.0,0.0,0.0,2122240.515126053
2023-09-05,2192509.9128639856,2041126.559922906,2224082.882938693,2192509.9128639856,2192509.9128639856,0.0,0.0,0.0,0.0,0.0,0.0,0.0,0.0,0.0,0.0,0.0,0.0,0.0,0.0,0.0,0.0,0.0,0.0,0.0,0.0,0.0,0.0,0.0,0.0,0.0,0.0,0.0,0.0,0.0,0.0,0.0,0.0,0.0,-0.0291223187210425,-0.0291223187210425,-0.0291223187210425,-0.0009328826298047,-0.0009328826298047,-0.0009328826298047,-0.0281894360912378,-0.0281894360912378,-0.0281894360912378,0.0,0.0,0.0,2128658.9403825155
2023-09-06,2200129.807718599,2050797.0909332207,2223357.561093514,2200129.807718599,2200129.807718599,0.0,0.0,0.0,0.0,0.0,0.0,0.0,0.0,0.0,0.0,0.0,0.0,0.0,0.0,0.0,0.0,0.0,0.0,0.0,0.0,0.0,0.0,0.0,0.0,0.0,0.0,0.0,0.0,0.0,0.0,0.0,0.0,0.0,-0.0286622857456545,-0.0286622857456545,-0.0286622857456545,-0.0002763532964425,-0.0002763532964425,-0.0002763532964425,-0.0283859324492119,-0.0283859324492119,-0.0283859324492119,0.0,0.0,0.0,2137069.058492237
2023-09-07,2207749.7025732123,2048927.0662443943,2236247.7064491306,2207749.7025732123,2207749.7025732123,0.0,0.0,0.0,0.0,0.0,0.0,0.0,0.0,0.0,0.0,0.0,0.0,0.0,0.0,0.0,0.0,0.0,0.0,0.0,0.0,0.0,0.0,0.0,0.0,0.0,0.0,0.0,0.0,0.0,0.0,0.0,0.0,0.0,-0.028605812182063,-0.028605812182063,-0.028605812182063,-3.356731100048268e-05,-3.356731100048268e-05,-3.356731100048268e-05,-0.0285722448710625,-0.0285722448710625,-0.0285722448710625,0.0,0.0,0.0,2144595.2292363974
2023-09-08,2215369.597427826,2059164.71078326,2231677.57715281,2215369.597427826,2215369.597427826,0.0,0.0,0.0,0.0,0.0,0.0,0.0,0.0,0.0,0.0,0.0,0.0,0.0,0.0,0.0,0.0,0.0,0.0,0.0,0.0,0.0,0.0,0.0,0.0,0.0,0.0,0.0,0.0,0.0,0.0,0.0,0.0,0.0,-0.0287614464696054,-0.0287614464696054,-0.0287614464696054,-4.9837708215234346e-06,-4.9837708215234346e-06,-4.9837708215234346e-06,-0.0287564626987838,-0.0287564626987838,-0.0287564626987838,0.0,0.0,0.0,2151652.3633410144
2023-09-09,2222989.4922824395,2068619.344470871,2242218.976719895,2222989.4922824395,2222989.4922824395,0.0,0.0,0.0,0.0,0.0,0.0,0.0,0.0,0.0,0.0,0.0,0.0,0.0,0.0,0.0,0.0,0.0,0.0,0.0,0.0,0.0,0.0,0.0,0.0,0.0,0.0,0.0,0.0,0.0,0.0,0.0,0.0,0.0,-0.0282936244315257,-0.0282936244315257,-0.0282936244315257,0.0006527986307428,0.0006527986307428,0.0006527986307428,-0.0289464230622686,-0.0289464230622686,-0.0289464230622686,0.0,0.0,0.0,2160093.062472572
2023-09-10,2230609.387137053,2076593.507874533,2256189.680277161,2230609.387137053,2230609.387137053,0.0,0.0,0.0,0.0,0.0,0.0,0.0,0.0,0.0,0.0,0.0,0.0,0.0,0.0,0.0,0.0,0.0,0.0,0.0,0.0,0.0,0.0,0.0,0.0,0.0,0.0,0.0,0.0,0.0,0.0,0.0,0.0,0.0,-0.0278551568192078,-0.0278551568192078,-0.0278551568192078,0.0012943274964938,0.0012943274964938,0.0012943274964938,-0.0291494843157016,-0.0291494843157016,-0.0291494843157016,0.0,0.0,0.0,2168475.412855954
2023-09-11,2238229.281991666,2087820.4993933756,2263288.098982907,2238229.281991666,2238229.281991666,0.0,0.0,0.0,0.0,0.0,0.0,0.0,0.0,0.0,0.0,0.0,0.0,0.0,0.0,0.0,0.0,0.0,0.0,0.0,0.0,0.0,0.0,0.0,0.0,0.0,0.0,0.0,0.0,0.0,0.0,0.0,0.0,0.0,-0.0300716498800084,-0.0300716498800084,-0.0300716498800084,-0.0006993391191668,-0.0006993391191668,-0.0006993391191668,-0.0293723107608415,-0.0293723107608415,-0.0293723107608415,0.0,0.0,0.0,2170922.0346724307
2023-09-12,2245849.17684628,2095258.105639757,2268083.5414920887,2245849.17684628,2245849.17684628,0.0,0.0,0.0,0.0,0.0,0.0,0.0,0.0,0.0,0.0,0.0,0.0,0.0,0.0,0.0,0.0,0.0,0.0,0.0,0.0,0.0,0.0,0.0,0.0,0.0,0.0,0.0,0.0,0.0,0.0,0.0,0.0,0.0,-0.0305535575419102,-0.0305535575419102,-0.0305535575419102,-0.0009328826298034,-0.0009328826298034,-0.0009328826298034,-0.0296206749121068,-0.0296206749121068,-0.0296206749121068,0.0,0.0,0.0,2177230.494791056
2023-09-13,2253469.071700894,2094925.021963131,2272348.1729125343,2253469.071700894,2253469.071700894,0.0,0.0,0.0,0.0,0.0,0.0,0.0,0.0,0.0,0.0,0.0,0.0,0.0,0.0,0.0,0.0,0.0,0.0,0.0,0.0,0.0,0.0,0.0,0.0,0.0,0.0,0.0,0.0,0.0,0.0,0.0,0.0,0.0,-0.0301756363858981,-0.0301756363858981,-0.0301756363858981,-0.0002763532964415,-0.0002763532964415,-0.0002763532964415,-0.0298992830894565,-0.0298992830894565,-0.0298992830894565,0.0,0.0,0.0,2185469.20838638
2023-09-14,2261088.9665555074,2100884.0683105523,2276745.921848169,2261088.9665555074,2261088.9665555074,0.0,0.0,0.0,0.0,0.0,0.0,0.0,0.0,0.0,0.0,0.0,0.0,0.0,0.0,0.0,0.0,0.0,0.0,0.0,0.0,0.0,0.0,0.0,0.0,0.0,0.0,0.0,0.0,0.0,0.0,0.0,0.0,0.0,-0.0302451967983033,-0.0302451967983033,-0.0302451967983033,-3.3567310999416485e-05,-3.3567310999416485e-05,-3.3567310999416485e-05,-0.0302116294873039,-0.0302116294873039,-0.0302116294873039,0.0,0.0,0.0,2192701.885783564
2023-09-15,2268708.8614101205,2108860.805756966,2279537.7968851128,2268708.8614101205,2268708.8614101205,0.0,0.0,0.0,0.0,0.0,0.0,0.0,0.0,0.0,0.0,0.0,0.0,0.0,0.0,0.0,0.0,0.0,0.0,0.0,0.0,0.0,0.0,0.0,0.0,0.0,0.0,0.0,0.0,0.0,0.0,0.0,0.0,0.0,-0.0305648668501906,-0.0305648668501906,-0.0305648668501906,-4.983770820855268e-06,-4.983770820855268e-06,-4.983770820855268e-06,-0.0305598830793697,-0.0305598830793697,-0.0305598830793697,0.0,0.0,0.0,2199366.0771392724
2023-09-16,2276328.7562647345,2118345.7353511704,2289360.0583311548,2276328.7562647345,2276328.7562647345,0.0,0.0,0.0,0.0,0.0,0.0,0.0,0.0,0.0,0.0,0.0,0.0,0.0,0.0,0.0,0.0,0.0,0.0,0.0,0.0,0.0,0.0,0.0,0.0,0.0,0.0,0.0,0.0,0.0,0.0,0.0,0.0,0.0,-0.0302920121719593,-0.0302920121719593,-0.0302920121719593,0.000652798630739,0.000652798630739,0.000652798630739,-0.0309448108026984,-0.0309448108026984,-0.0309448108026984,0.0,0.0,0.0,2207374.177872582
2023-09-17,2283948.651119348,2123629.293045911,2300141.087232123,2283948.651119348,2283948.651119348,0.0,0.0,0.0,0.0,0.0,0.0,0.0,0.0,0.0,0.0,0.0,0.0,0.0,0.0,0.0,0.0,0.0,0.0,0.0,0.0,0.0,0.0,0.0,0.0,0.0,0.0,0.0,0.0,0.0,0.0,0.0,0.0,0.0,-0.0300714119488698,-0.0300714119488698,-0.0300714119488698,0.0012943274964932,0.0012943274964932,0.0012943274964932,-0.031365739445363,-0.031365739445363,-0.031365739445363,0.0,0.0,0.0,2215267.0903614727
2023-09-18,2291568.5459739617,2119579.3387936326,2302470.399531909,2291568.5459739617,2291568.5459739617,0.0,0.0,0.0,0.0,0.0,0.0,0.0,0.0,0.0,0.0,0.0,0.0,0.0,0.0,0.0,0.0,0.0,0.0,0.0,0.0,0.0,0.0,0.0,0.0,0.0,0.0,0.0,0.0,0.0,0.0,0.0,0.0,0.0,-0.0325198966898394,-0.0325198966898394,-0.0325198966898394,-0.0006993391191673,-0.0006993391191673,-0.0006993391191673,-0.0318205575706721,-0.0318205575706721,-0.0318205575706721,0.0,0.0,0.0,2217046.973601203
2023-09-19,2299188.440828575,2128696.457585531,2306503.0593501683,2299188.440828575,2299188.440828575,0.0,0.0,0.0,0.0,0.0,0.0,0.0,0.0,0.0,0.0,0.0,0.0,0.0,0.0,0.0,0.0,0.0,0.0,0.0,0.0,0.0,0.0,0.0,0.0,0.0,0.0,0.0,0.0,0.0,0.0,0.0,0.0,0.0,-0.0332386403071901,-0.0332386403071901,-0.0332386403071901,-0.0009328826298046,-0.0009328826298046,-0.0009328826298046,-0.0323057576773855,-0.0323057576773855,-0.0323057576773855,0.0,0.0,0.0,2222766.5432454245
2023-09-20,2306808.3356831884,2142661.119934348,2311940.309264517,2306808.3356831884,2306808.3356831884,0.0,0.0,0.0,0.0,0.0,0.0,0.0,0.0,0.0,0.0,0.0,0.0,0.0,0.0,0.0,0.0,0.0,0.0,0.0,0.0,0.0,0.0,0.0,0.0,0.0,0.0,0.0,0.0,0.0,0.0,0.0,0.0,0.0,-0.0330928709493532,-0.0330928709493532,-0.0330928709493532,-0.0002763532964422,-0.0002763532964422,-0.0002763532964422,-0.032816517652911,-0.032816517652911,-0.032816517652911,0.0,0.0,0.0,2230469.4251255323
2023-09-21,2314428.230537802,2146765.5544002946,2325315.400961199,2314428.230537802,2314428.230537802,0.0,0.0,0.0,0.0,0.0,0.0,0.0,0.0,0.0,0.0,0.0,0.0,0.0,0.0,0.0,0.0,0.0,0.0,0.0,0.0,0.0,0.0,0.0,0.0,0.0,0.0,0.0,0.0,0.0,0.0,0.0,0.0,0.0,-0.0333803867686642,-0.0333803867686642,-0.0333803867686642,-3.3567311000058455e-05,-3.3567311000058455e-05,-3.3567311000058455e-05,-0.0333468194576641,-0.0333468194576641,-0.0333468194576641,0.0,0.0,0.0,2237171.721054135
2023-09-22,2322048.125392416,2158548.6010242878,2328417.317067827,2322048.125392416,2322048.125392416,0.0,0.0,0.0,0.0,0.0,0.0,0.0,0.0,0.0,0.0,0.0,0.0,0.0,0.0,0.0,0.0,0.0,0.0,0.0,0.0,0.0,0.0,0.0,0.0,0.0,0.0,0.0,0.0,0.0,0.0,0.0,0.0,0.0,-0.0338945856866049,-0.0338945856866049,-0.0338945856866049,-4.983770822036533e-06,-4.983770822036533e-06,-4.983770822036533e-06,-0.0338896019157829,-0.0338896019157829,-0.0338896019157829,0.0,0.0,0.0,2243343.266237882
2023-09-23,2329668.020247029,2160451.2170014875,2338364.3706213445,2329668.020247029,2329668.020247029,0.0,0.0,0.0,0.0,0.0,0.0,0.0,0.0,0.0,0.0,0.0,0.0,0.0,0.0,0.0,0.0,0.0,0.0,0.0,0.0,0.0,0.0,0.0,0.0,0.0,0.0,0.0,0.0,0.0,0.0,0.0,0.0,0.0,-0.0337841448800299,-0.0337841448800299,-0.0337841448800299,0.0006527986307405,0.0006527986307405,0.0006527986307405,-0.0344369435107704,-0.0344369435107704,-0.0344369435107704,0.0,0.0,0.0,2250962.178328631
2023-09-24,2343830.04785766,2180399.263289637,2355357.1213115067,2343830.04785766,2343830.04785766,0.0,0.0,0.0,0.0,0.0,0.0,0.0,0.0,0.0,0.0,0.0,0.0,0.0,0.0,0.0,0.0,0.0,0.0,0.0,0.0,0.0,0.0,0.0,0.0,0.0,0.0,0.0,0.0,0.0,0.0,0.0,0.0,0.0,-0.0336859427260855,-0.0336859427260855,-0.0336859427260855,0.0012943274964926,0.0012943274964926,0.0012943274964926,-0.0349802702225781,-0.0349802702225781,-0.0349802702225781,0.0,0.0,0.0,2264875.9231058485
2023-09-25,2357992.0754682906,2188652.8971953867,2365613.179557801,2357992.0754682906,2357992.0754682906,0.0,0.0,0.0,0.0,0.0,0.0,0.0,0.0,0.0,0.0,0.0,0.0,0.0,0.0,0.0,0.0,0.0,0.0,0.0,0.0,0.0,0.0,0.0,0.0,0.0,0.0,0.0,0.0,0.0,0.0,0.0,0.0,0.0,-0.0362099218389954,-0.0362099218389954,-0.0362099218389954,-0.0006993391191689,-0.0006993391191689,-0.0006993391191689,-0.0355105827198264,-0.0355105827198264,-0.0355105827198264,0.0,0.0,0.0,2272609.366718613
2023-09-26,2372154.1030789213,2195607.461901614,2368007.581106463,2372154.1030789213,2372154.1030789213,0.0,0.0,0.0,0.0,0.0,0.0,0.0,0.0,0.0,0.0,0.0,0.0,0.0,0.0,0.0,0.0,0.0,0.0,0.0,0.0,0.0,0.0,0.0,0.0,0.0,0.0,0.0,0.0,0.0,0.0,0.0,0.0,0.0,-0.0369515792881451,-0.0369515792881451,-0.0369515792881451,-0.0009328826298033,-0.0009328826298033,-0.0009328826298033,-0.0360186966583418,-0.0360186966583418,-0.0360186966583418,0.0,0.0,0.0,2284499.262655301
2023-09-27,2386316.1306895525,2209470.5466238693,2394809.796810562,2386316.1306895525,2386316.1306895525,0.0,0.0,0.0,0.0,0.0,0.0,0.0,0.0,0.0,0.0,0.0,0.0,0.0,0.0,0.0,0.0,0.0,0.0,0.0,0.0,0.0,0.0,0.0,0.0,0.0,0.0,0.0,0.0,0.0,0.0,0.0,0.0,0.0,-0.0367718427472715,-0.0367718427472715,-0.0367718427472715,-0.0002763532964446,-0.0002763532964446,-0.0002763532964446,-0.0364954894508268,-0.0364954894508268,-0.0364954894508268,0.0,0.0,0.0,2298566.889186559
2023-09-28,2400478.1583001832,2218295.8276265254,2399641.0165629205,2400478.1583001832,2400478.1583001832,0.0,0.0,0.0,0.0,0.0,0.0,0.0,0.0,0.0,0.0,0.0,0.0,0.0,0.0,0.0,0.0,0.0,0.0,0.0,0.0,0.0,0.0,0.0,0.0,0.0,0.0,0.0,0.0,0.0,0.0,0.0,0.0,0.0,-0.0369657139849029,-0.0369657139849029,-0.0369657139849029,-3.3567311000700425e-05,-3.3567311000700425e-05,-3.3567311000700425e-05,-0.0369321466739022,-0.0369321466739022,-0.0369321466739022,0.0,0.0,0.0,2311742.769273452
2023-09-29,2414640.185910814,2237849.6316251983,2414838.8409497887,2414640.185910814,2414640.185910814,0.0,0.0,0.0,0.0,0.0,0.0,0.0,0.0,0.0,0.0,0.0,0.0,0.0,0.0,0.0,0.0,0.0,0.0,0.0,0.0,0.0,0.0,0.0,0.0,0.0,0.0,0.0,0.0,0.0,0.0,0.0,0.0,0.0,-0.0373253850441714,-0.0373253850441714,-0.0373253850441714,-4.983770819907784e-06,-4.983770819907784e-06,-4.983770819907784e-06,-0.0373204012733515,-0.0373204012733515,-0.0373204012733515,0.0,0.0,0.0,2324512.811228563
2023-09-30,2428802.2135214456,2253826.945972909,2420424.678874821,2428802.2135214456,2428802.2135214456,0.0,0.0,0.0,0.0,0.0,0.0,0.0,0.0,0.0,0.0,0.0,0.0,0.0,0.0,0.0,0.0,0.0,0.0,0.0,0.0,0.0,0.0,0.0,0.0,0.0,0.0,0.0,0.0,0.0,0.0,0.0,0.0,0.0,-0.0369999602858782,-0.0369999602858782,-0.0369999602858782,0.0006527986307402,0.0006527986307402,0.0006527986307402,-0.0376527589166185,-0.0376527589166185,-0.0376527589166185,0.0,0.0,0.0,2338936.628078899
2023-10-01,2442964.2411320764,2269417.9106703,2439292.7261833563,2442964.2411320764,2442964.2411320764,0.0,0.0,0.0,0.0,0.0,0.0,0.0,0.0,0.0,0.0,0.0,0.0,0.0,0.0,0.0,0.0,0.0,0.0,0.0,0.0,0.0,0.0,0.0,0.0,0.0,0.0,0.0,0.0,0.0,0.0,0.0,0.0,0.0,-0.0366283757215822,-0.0366283757215822,-0.0366283757215822,0.0012943274964917,0.0012943274964917,0.0012943274964917,-0.0379227032180739,-0.0379227032180739,-0.0379227032180739,0.0,0.0,0.0,2353482.4290335006
2023-10-02,2457126.268742707,2272319.6050288924,2451641.1608337457,2457126.268742707,2457126.268742707,0.0,0.0,0.0,0.0,0.0,0.0,0.0,0.0,0.0,0.0,0.0,0.0,0.0,0.0,0.0,0.0,0.0,0.0,0.0,0.0,0.0,0.0,0.0,0.0,0.0,0.0,0.0,0.0,0.0,0.0,0.0,0.0,0.0,-0.0388242142357244,-0.0388242142357244,-0.0388242142357244,-0.0006993391191699,-0.0006993391191699,-0.0006993391191699,-0.0381248751165544,-0.0381248751165544,-0.0381248751165544,0.0,0.0,0.0,2361730.272080814
2023-10-03,2471288.296353338,2286086.007485764,2471626.179569682,2471288.296353338,2471288.296353338,0.0,0.0,0.0,0.0,0.0,0.0,0.0,0.0,0.0,0.0,0.0,0.0,0.0,0.0,0.0,0.0,0.0,0.0,0.0,0.0,0.0,0.0,0.0,0.0,0.0,0.0,0.0,0.0,0.0,0.0,0.0,0.0,0.0,-0.0391881040303358,-0.0391881040303358,-0.0391881040303358,-0.000932882629802,-0.000932882629802,-0.000932882629802,-0.0382552214005337,-0.0382552214005337,-0.0382552214005337,0.0,0.0,0.0,2374443.193506892
2023-10-04,2485450.323963969,2299794.1719813407,2482940.8000739925,2485450.323963969,2485450.323963969,0.0,0.0,0.0,0.0,0.0,0.0,0.0,0.0,0.0,0.0,0.0,0.0,0.0,0.0,0.0,0.0,0.0,0.0,0.0,0.0,0.0,0.0,0.0,0.0,0.0,0.0,0.0,0.0,0.0,0.0,0.0,0.0,0.0,-0.0385874615297565,-0.0385874615297565,-0.0385874615297565,-0.0002763532964452,-0.0002763532964452,-0.0002763532964452,-0.0383111082333112,-0.0383111082333112,-0.0383111082333112,0.0,0.0,0.0,2389543.105203889
2023-10-05,2499612.3515746,2313318.937991058,2487107.6949439724,2499612.3515746,2499612.3515746,0.0,0.0,0.0,0.0,0.0,0.0,0.0,0.0,0.0,0.0,0.0,0.0,0.0,0.0,0.0,0.0,0.0,0.0,0.0,0.0,0.0,0.0,0.0,0.0,0.0,0.0,0.0,0.0,0.0,0.0,0.0,0.0,0.0,-0.0383249638157664,-0.0383249638157664,-0.0383249638157664,-3.3567311001342394e-05,-3.3567311001342394e-05,-3.3567311001342394e-05,-0.0382913965047651,-0.0382913965047651,-0.0382913965047651,0.0,0.0,0.0,2403814.7986470605
2023-10-06,2513774.3791852305,2326238.028119872,2505179.846853612,2513774.3791852305,2513774.3791852305,0.0,0.0,0.0,0.0,0.0,0.0,0.0,0.0,0.0,0.0,0.0,0.0,0.0,0.0,0.0,0.0,0.0,0.0,0.0,0.0,0.0,0.0,0.0,0.0,0.0,0.0,0.0,0.0,0.0,0.0,0.0,0.0,0.0,-0.0382014606702601,-0.0382014606702601,-0.0382014606702601,-4.983770820699929e-06,-4.983770820699929e-06,-4.983770820699929e-06,-0.0381964768994394,-0.0381964768994394,-0.0381964768994394,0.0,0.0,0.0,2417744.526104878
2023-10-07,2527936.406795861,2344105.3619303303,2524154.207800867,2527936.406795861,2527936.406795861,0.0,0.0,0.0,0.0,0.0,0.0,0.0,0.0,0.0,0.0,0.0,0.0,0.0,0.0,0.0,0.0,0.0,0.0,0.0,0.0,0.0,0.0,0.0,0.0,0.0,0.0,0.0,0.0,0.0,0.0,0.0,0.0,0.0,-0.037375465062173,-0.037375465062173,-0.037375465062173,0.0006527986307417,0.0006527986307417,0.0006527986307417,-0.0380282636929147,-0.0380282636929147,-0.0380282636929147,0.0,0.0,0.0,2433453.607944268
2023-10-08,2542098.4344064924,2357786.370044347,2534005.039972186,2542098.4344064924,2542098.4344064924,0.0,0.0,0.0,0.0,0.0,0.0,0.0,0.0,0.0,0.0,0.0,0.0,0.0,0.0,0.0,0.0,0.0,0.0,0.0,0.0,0.0,0.0,0.0,0.0,0.0,0.0,0.0,0.0,0.0,0.0,0.0,0.0,0.0,-0.0364958199410954,-0.0364958199410954,-0.0364958199410954,0.0012943274964948,0.0012943274964948,0.0012943274964948,-0.0377901474375903,-0.0377901474375903,-0.0377901474375903,0.0,0.0,0.0,2449322.467671852
2023-10-09,2556260.462017123,2372038.4548409083,2553762.733476955,2556260.462017123,2556260.462017123,0.0,0.0,0.0,0.0,0.0,0.0,0.0,0.0,0.0,0.0,0.0,0.0,0.0,0.0,0.0,0.0,0.0,0.0,0.0,0.0,0.0,0.0,0.0,0.0,0.0,0.0,0.0,0.0,0.0,0.0,0.0,0.0,0.0,-0.0381862469617586,-0.0381862469617586,-0.0381862469617586,-0.0006993391191646,-0.0006993391191646,-0.0006993391191646,-0.037486907842594,-0.037486907842594,-0.037486907842594,0.0,0.0,0.0,2458646.468715958
2023-10-10,2570422.489627754,2387786.492903361,2559776.2393846014,2570422.489627754,2570422.489627754,0.0,0.0,0.0,0.0,0.0,0.0,0.0,0.0,0.0,0.0,0.0,0.0,0.0,0.0,0.0,0.0,0.0,0.0,0.0,0.0,0.0,0.0,0.0,0.0,0.0,0.0,0.0,0.0,0.0,0.0,0.0,0.0,0.0,-0.0380574718878519,-0.0380574718878519,-0.0380574718878519,-0.0009328826298032,-0.0009328826298032,-0.0009328826298032,-0.0371245892580487,-0.0371245892580487,-0.0371245892580487,0.0,0.0,0.0,2472598.707988843
2023-10-11,2584584.5172383846,2401236.5317937564,2577419.513033233,2584584.5172383846,2584584.5172383846,0.0,0.0,0.0,0.0,0.0,0.0,0.0,0.0,0.0,0.0,0.0,0.0,0.0,0.0,0.0,0.0,0.0,0.0,0.0,0.0,0.0,0.0,0.0,0.0,0.0,0.0,0.0,0.0,0.0,0.0,0.0,0.0,0.0,-0.0369866955066378,-0.0369866955066378,-0.0369866955066378,-0.0002763532964426,-0.0002763532964426,-0.0002763532964426,-0.0367103422101952,-0.0367103422101952,-0.0367103422101952,0.0,0.0,0.0,2488989.276688117
2023-10-12,2598746.544849016,2399762.310490312,2577397.8751898147,2598746.544849016,2598746.544849016,0.0,0.0,0.0,0.0,0.0,0.0,0.0,0.0,0.0,0.0,0.0,0.0,0.0,0.0,0.0,0.0,0.0,0.0,0.0,0.0,0.0,0.0,0.0,0.0,-0.0054534714,-0.0054534714,-0.0054534714,0.0,0.0,0.0,-0.0054534714,-0.0054534714,-0.0054534714,-0.0417392740825561,-0.0417392740825561,-0.0417392740825561,-3.3567311000276204e-05,-3.3567311000276204e-05,-3.3567311000276204e-05,-0.0362522353715558,-0.0362522353715558,-0.0362522353715558,0.0,0.0,0.0,2490276.750542467
2023-10-13,2612908.5724596465,2429529.986379573,2608710.651794404,2612908.5724596465,2612908.5724596465,0.0,0.0,0.0,0.0,0.0,0.0,0.0,0.0,0.0,0.0,0.0,0.0,0.0,0.0,0.0,0.0,0.0,0.0,0.0,0.0,0.0,0.0,0.0,0.0,0.0,0.0,0.0,0.0,0.0,0.0,0.0,0.0,0.0,-0.035764026934024,-0.035764026934024,-0.035764026934024,-4.983770821881113e-06,-4.983770821881113e-06,-4.983770821881113e-06,-0.0357590431632021,-0.0357590431632021,-0.0357590431632021,0.0,0.0,0.0,2519460.4398980574
2023-10-14,2627070.600070277,2447378.775279133,2627914.830799283,2627070.600070277,2627070.600070277,0.0,0.0,0.0,0.0,0.0,0.0,0.0,0.0,0.0,0.0,0.0,0.0,0.0,0.0,0.0,0.0,0.0,0.0,0.0,0.0,0.0,0.0,0.0,0.0,0.0,0.0,0.0,0.0,0.0,0.0,0.0,0.0,0.0,-0.0345872162206992,-0.0345872162206992,-0.0345872162206992,0.0006527986307432,0.0006527986307432,0.0006527986307432,-0.0352400148514425,-0.0352400148514425,-0.0352400148514425,0.0,0.0,0.0,2536207.5411986043
2023-10-15,2641232.627680908,2467247.6342430115,2646086.9181634434,2641232.627680908,2641232.627680908,0.0,0.0,0.0,0.0,0.0,0.0,0.0,0.0,0.0,0.0,0.0,0.0,0.0,0.0,0.0,0.0,0.0,0.0,0.0,0.0,0.0,0.0,0.0,0.0,0.0,0.0,0.0,0.0,0.0,0.0,0.0,0.0,0.0,-0.0334103040039962,-0.0334103040039962,-0.0334103040039962,0.001294327496494,0.001294327496494,0.001294327496494,-0.0347046315004902,-0.0347046315004902,-0.0347046315004902,0.0,0.0,0.0,2552988.242644815
2023-10-16,2655394.655291538,2466008.470170919,2650048.187520418,2655394.655291538,2655394.655291538,0.0,0.0,0.0,0.0,0.0,0.0,0.0,0.0,0.0,0.0,0.0,0.0,0.0,0.0,0.0,0.0,0.0,0.0,0.0,0.0,0.0,0.0,0.0,0.0,0.0,0.0,0.0,0.0,0.0,0.0,0.0,0.0,0.0,-0.0348616965813554,-0.0348616965813554,-0.0348616965813554,-0.0006993391191656,-0.0006993391191656,-0.0006993391191656,-0.0341623574621898,-0.0341623574621898,-0.0341623574621898,0.0,0.0,0.0,2562823.092515012
2023-10-17,2669556.6829021694,2488042.504835188,2670319.5501695178,2669556.6829021694,2669556.6829021694,0.0,0.0,0.0,0.0,0.0,0.0,0.0,0.0,0.0,0.0,0.0,0.0,0.0,0.0,0.0,0.0,0.0,0.0,0.0,0.0,0.0,0.0,0.0,0.0,0.0,0.0,0.0,0.0,0.0,0.0,0.0,0.0,0.0,-0.0345552758450469,-0.0345552758450469,-0.0345552758450469,-0.0009328826298019,-0.0009328826298019,-0.0009328826298019,-0.0336223932152449,-0.0336223932152449,-0.0336223932152449,0.0,0.0,0.0,2577309.4153404967
2023-10-18,2683718.7105128,2507235.3116645715,2678673.303406437,2683718.7105128,2683718.7105128,0.0,0.0,0.0,0.0,0.0,0.0,0.0,0.0,0.0,0.0,0.0,0.0,0.0,0.0,0.0,0.0,0.0,0.0,0.0,0.0,0.0,0.0,0.0,0.0,0.0,0.0,0.0,0.0,0.0,0.0,0.0,0.0,0.0,-0.0333697896029144,-0.0333697896029144,-0.0333697896029144,-0.0002763532964432,-0.0002763532964432,-0.0002763532964432,-0.0330934363064711,-0.0330934363064711,-0.0330934363064711,0.0,0.0,0.0,2594163.581789583
2023-10-19,2697880.738123431,2523119.3506687763,2697248.457078716,2697880.738123431,2697880.738123431,0.0,0.0,0.0,0.0,0.0,0.0,0.0,0.0,0.0,0.0,0.0,0.0,0.0,0.0,0.0,0.0,0.0,0.0,0.0,0.0,0.0,0.0,0.0,0.0,0.0,0.0,0.0,0.0,0.0,0.0,0.0,0.0,0.0,-0.032617024208652,-0.032617024208652,-0.032617024208652,-3.356731100123228e-05,-3.356731100123228e-05,-3.356731100123228e-05,-0.0325834568976508,-0.0325834568976508,-0.0325834568976508,0.0,0.0,0.0,2609883.896776003
2023-10-20,2712042.7657340616,2543703.5779312123,2714807.293075807,2712042.7657340616,2712042.7657340616,0.0,0.0,0.0,0.0,0.0,0.0,0.0,0.0,0.0,0.0,0.0,0.0,0.0,0.0,0.0,0.0,0.0,0.0,0.0,0.0,0.0,0.0,0.0,0.0,0.0,0.0,0.0,0.0,0.0,0.0,0.0,0.0,0.0,-0.0321044777624871,-0.0321044777624871,-0.0321044777624871,-4.983770822673394e-06,-4.983770822673394e-06,-4.983770822673394e-06,-0.0320994939916644,-0.0320994939916644,-0.0320994939916644,0.0,0.0,0.0,2624974.049070638
2023-10-21,2726204.793344693,2553405.9579030904,2729880.9584609107,2726204.793344693,2726204.793344693,0.0,0.0,0.0,0.0,0.0,0.0,0.0,0.0,0.0,0.0,0.0,0.0,0.0,0.0,0.0,0.0,0.0,0.0,0.0,0.0,0.0,0.0,0.0,0.0,0.0,0.0,0.0,0.0,0.0,0.0,0.0,0.0,0.0,-0.030994679182375,-0.030994679182375,-0.030994679182375,0.0006527986307429,0.0006527986307429,0.0006527986307429,-0.0316474778131179,-0.0316474778131179,-0.0316474778131179,0.0,0.0,0.0,2641706.9503895207
2023-10-22,2740366.820955323,2567952.3792909808,2746254.6804206115,2740366.820955323,2740366.820955323,0.0,0.0,0.0,0.0,0.0,0.0,0.0,0.0,0.0,0.0,0.0,0.0,0.0,0.0,0.0,0.0,0.0,0.0,0.0,0.0,0.0,0.0,0.0,0.0,0.0,0.0,0.0,0.0,0.0,0.0,0.0,0.0,0.0,-0.0299377555732938,-0.0299377555732938,-0.0299377555732938,0.0012943274964935,0.0012943274964935,0.0012943274964935,-0.0312320830697874,-0.0312320830697874,-0.0312320830697874,0.0,0.0,0.0,2658326.388888398
2023-10-23,2754528.8487535208,2585003.267294653,2762201.706593218,2754528.8487535208,2754528.8487535208,0.0,0.0,0.0,0.0,0.0,0.0,0.0,0.0,0.0,0.0,0.0,0.0,0.0,0.0,0.0,0.0,0.0,0.0,0.0,0.0,0.0,0.0,0.0,0.0,0.0,0.0,0.0,0.0,0.0,0.0,0.0,0.0,0.0,-0.0315559560625538,-0.0315559560625538,-0.0315559560625538,-0.0006993391191666,-0.0006993391191666,-0.0006993391191666,-0.0308566169433871,-0.0308566169433871,-0.0308566169433871,0.0,0.0,0.0,2667607.0574292177
2023-10-24,2768690.876551719,2595442.7649787557,2774147.5005351687,2768690.876551719,2768690.876551719,0.0,0.0,0.0,0.0,0.0,0.0,0.0,0.0,0.0,0.0,0.0,0.0,0.0,0.0,0.0,0.0,0.0,0.0,0.0,0.0,0.0,0.0,0.0,0.0,0.0,0.0,0.0,0.0,0.0,0.0,0.0,0.0,0.0,-0.0314558273068608,-0.0314558273068608,-0.0314558273068608,-0.0009328826298037,-0.0009328826298037,-0.0009328826298037,-0.0305229446770571,-0.0305229446770571,-0.0305229446770571,0.0,0.0,0.0,2681599.4144728268
2023-10-25,2782852.904349917,2604611.812355695,2783473.104529692,2782852.904349917,2782852.904349917,0.0,0.0,0.0,0.0,0.0,0.0,0.0,0.0,0.0,0.0,0.0,0.0,0.0,0.0,0.0,0.0,0.0,0.0,0.0,0.0,0.0,0.0,0.0,0.0,0.0,0.0,0.0,0.0,0.0,0.0,0.0,0.0,0.0,-0.0305078078671861,-0.0305078078671861,-0.0305078078671861,-0.0002763532964439,-0.0002763532964439,-0.0002763532964439,-0.0302314545707422,-0.0302314545707422,-0.0302314545707422,0.0,0.0,0.0,2697954.1626213687
2023-10-26,2797014.932148115,2629039.7501313253,2803066.943366526,2797014.932148115,2797014.932148115,0.0,0.0,0.0,0.0,0.0,0.0,0.0,0.0,0.0,0.0,0.0,0.0,0.0,0.0,0.0,0.0,0.0,0.0,0.0,0.0,0.0,0.0,0.0,0.0,0.0,0.0,0.0,0.0,0.0,0.0,0.0,0.0,0.0,-0.0300146304056058,-0.0300146304056058,-0.0300146304056058,-3.356731100016608e-05,-3.356731100016608e-05,-3.356731100016608e-05,-0.0299810630946057,-0.0299810630946057,-0.0299810630946057,0.0,0.0,0.0,2713063.562720728
2023-10-27,2811176.959946313,2638319.986942614,2817765.672635725,2811176.959946313,2811176.959946313,0.0,0.0,0.0,0.0,0.0,0.0,0.0,0.0,0.0,0.0,0.0,0.0,0.0,0.0,0.0,0.0,0.0,0.0,0.0,0.0,0.0,0.0,0.0,0.0,0.0,0.0,0.0,0.0,0.0,0.0,0.0,0.0,0.0,-0.0297742434870538,-0.0297742434870538,-0.0297742434870538,-4.983770822005146e-06,-4.983770822005146e-06,-4.983770822005146e-06,-0.0297692597162318,-0.0297692597162318,-0.0297692597162318,0.0,0.0,0.0,2727476.292655676
2023-10-28,2825338.987744511,2659817.9634578465,2833573.922221953,2825338.987744511,2825338.987744511,0.0,0.0,0.0,0.0,0.0,0.0,0.0,0.0,0.0,0.0,0.0,0.0,0.0,0.0,0.0,0.0,0.0,0.0,0.0,0.0,0.0,0.0,0.0,0.0,0.0,0.0,0.0,0.0,0.0,0.0,0.0,0.0,0.0,-0.0289393913104475,-0.0289393913104475,-0.0289393913104475,0.0006527986307444,0.0006527986307444,0.0006527986307444,-0.0295921899411919,-0.0295921899411919,-0.0295921899411919,0.0,0.0,0.0,2743575.397193509
2023-10-29,2839501.0155427093,2674625.566170579,2845071.167865377,2839501.0155427093,2839501.0155427093,0.0,0.0,0.0,0.0,0.0,0.0,0.0,0.0,0.0,0.0,0.0,0.0,0.0,0.0,0.0,0.0,0.0,0.0,0.0,0.0,0.0,0.0,0.0,0.0,0.0,0.0,0.0,0.0,0.0,0.0,0.0,0.0,0.0,-0.0281504465230405,-0.0281504465230405,-0.0281504465230405,0.0012943274964927,0.0012943274964927,0.0012943274964927,-0.0294447740195333,-0.0294447740195333,-0.0294447740195333,0.0,0.0,0.0,2759567.7940525548
2023-10-30,2853663.043340906,2678999.418304404,2855966.0188439065,2853663.043340906,2853663.043340906,0.0,0.0,0.0,0.0,0.0,0.0,0.0,0.0,0.0,0.0,0.0,0.0,0.0,0.0,0.0,0.0,0.0,0.0,0.0,0.0,0.0,0.0,0.0,0.0,0.0,0.0,0.0,0.0,0.0,0.0,0.0,0.0,0.0,-0.03002019692148,-0.03002019692148,-0.03002019692148,-0.0006993391191677,-0.0006993391191677,-0.0006993391191677,-0.0293208578023123,-0.0293208578023123,-0.0293208578023123,0.0,0.0,0.0,2767995.516832262
2023-10-31,2867825.071139104,2697706.8918237397,2876862.42405646,2867825.071139104,2867825.071139104,0.0,0.0,0.0,0.0,0.0,0.0,0.0,0.0,0.0,0.0,0.0,0.0,0.0,0.0,0.0,0.0,0.0,0.0,0.0,0.0,0.0,0.0,0.0,0.0,0.0,0.0,0.0,0.0,0.0,0.0,0.0,0.0,0.0,-0.0301462739990959,-0.0301462739990959,-0.0301462739990959,-0.0009328826298024,-0.0009328826298024,-0.0009328826298024,-0.0292133913692934,-0.0292133913692934,-0.0292133913692934,0.0,0.0,0.0,2781370.830763068
2023-11-01,2881987.098937302,2659128.000810866,2833456.659170139,2881987.098937302,2881987.098937302,-0.018855002,-0.018855002,-0.018855002,0.0,0.0,0.0,0.0,0.0,0.0,0.0,0.0,0.0,0.0,0.0,0.0,0.0,0.0,0.0,0.0,0.0,0.0,0.0,0.0,0.0,0.0,0.0,0.0,0.0,0.0,0.0,-0.018855002,-0.018855002,-0.018855002,-0.0482459856116421,-0.0482459856116421,-0.0482459856116421,-0.0002763532964413,-0.0002763532964413,-0.0002763532964413,-0.0291146303152008,-0.0291146303152008,-0.0291146303152008,0.0,0.0,0.0,2742942.7908290345
2023-11-02,2896149.1267355,2727352.269186024,2895017.7023893003,2896149.1267355,2896149.1267355,0.0,0.0,0.0,0.0,0.0,0.0,0.0,0.0,0.0,0.0,0.0,0.0,0.0,0.0,0.0,0.0,0.0,0.0,0.0,0.0,0.0,0.0,0.0,0.0,0.0,0.0,0.0,0.0,0.0,0.0,0.0,0.0,0.0,-0.0290499213083339,-0.0290499213083339,-0.0290499213083339,-3.356731100251622e-05,-3.356731100251622e-05,-3.356731100251622e-05,-0.0290163539973314,-0.0290163539973314,-0.0290163539973314,0.0,0.0,0.0,2812016.222506633
2023-11-03,2910311.154533698,2733565.147824312,2915609.010017301,2910311.154533698,2910311.154533698,0.0,0.0,0.0,0.0,0.0,0.0,0.0,0.0,0.0,0.0,0.0,0.0,0.0,0.0,0.0,0.0,0.0,0.0,0.0,0.0,0.0,0.0,0.0,0.0,0.0,0.0,0.0,0.0,0.0,0.0,0.0,0.0,0.0,-0.0289150783982458,-0.0289150783982458,-0.0289150783982458,-4.983770821336871e-06,-4.983770821336871e-06,-4.983770821336871e-06,-0.0289100946274245,-0.0289100946274245,-0.0289100946274245,0.0,0.0,0.0,2826159.279337067
2023-11-04,2924473.1823318964,2750795.9474894446,2929957.6212841477,2924473.1823318964,2924473.1823318964,0.0,0.0,0.0,0.0,0.0,0.0,0.0,0.0,0.0,0.0,0.0,0.0,0.0,0.0,0.0,0.0,0.0,0.0,0.0,0.0,0.0,0.0,0.0,0.0,0.0,0.0,0.0,0.0,0.0,0.0,0.0,0.0,0.0,-0.0281345722154344,-0.0281345722154344,-0.0281345722154344,0.0006527986307406,0.0006527986307406,0.0006527986307406,-0.028787370846175,-0.028787370846175,-0.028787370846175,0.0,0.0,0.0,2842194.380391478
2023-11-05,2938635.210130094,2772675.8406376154,2946308.517361199,2938635.210130094,2938635.210130094,0.0,0.0,0.0,0.0,0.0,0.0,0.0,0.0,0.0,0.0,0.0,0.0,0.0,0.0,0.0,0.0,0.0,0.0,0.0,0.0,0.0,0.0,0.0,0.0,0.0,0.0,0.0,0.0,0.0,0.0,0.0,0.0,0.0,-0.0273455918587039,-0.0273455918587039,-0.0273455918587039,0.001294327496496,0.001294327496496,0.001294327496496,-0.0286399193551999,-0.0286399193551999,-0.0286399193551999,0.0,0.0,0.0,2858276.49105226
2023-11-06,2952797.237928292,2785443.4946636804,2951755.782152229,2952797.237928292,2952797.237928292,0.0,0.0,0.0,0.0,0.0,0.0,0.0,0.0,0.0,0.0,0.0,0.0,0.0,0.0,0.0,0.0,0.0,0.0,0.0,0.0,0.0,0.0,0.0,0.0,0.0,0.0,0.0,0.0,0.0,0.0,0.0,0.0,0.0,-0.0291592574182043,-0.0291592574182043,-0.0291592574182043,-0.0006993391191693,-0.0006993391191693,-0.0006993391191693,-0.028459918299035,-0.028459918299035,-0.028459918299035,0.0,0.0,0.0,2866695.8631637786
2023-11-07,2966959.2657264904,2794433.728385275,2970615.5646766266,2966959.2657264904,2966959.2657264904,0.0,0.0,0.0,0.0,0.0,0.0,0.0,0.0,0.0,0.0,0.0,0.0,0.0,0.0,0.0,0.0,0.0,0.0,0.0,0.0,0.0,0.0,0.0,0.0,0.0,0.0,0.0,0.0,0.0,0.0,0.0,0.0,0.0,-0.0291730790137848,-0.0291730790137848,-0.0291730790137848,-0.0009328826298024,-0.0009328826298024,-0.0009328826298024,-0.0282401963839824,-0.0282401963839824,-0.0282401963839824,0.0,0.0,0.0,2880403.92863677
2023-11-08,2981121.293524688,2812221.5836592494,2982701.4113372406,2981121.293524688,2981121.293524688,0.0,0.0,0.0,0.0,0.0,0.0,0.0,0.0,0.0,0.0,0.0,0.0,0.0,0.0,0.0,0.0,0.0,0.0,0.0,0.0,0.0,0.0,0.0,0.0,0.0,0.0,0.0,0.0,0.0,0.0,0.0,0.0,0.0,-0.0282507754778924,-0.0282507754778924,-0.0282507754778924,-0.0002763532964419,-0.0002763532964419,-0.0002763532964419,-0.0279744221814504,-0.0279744221814504,-0.0279744221814504,0.0,0.0,0.0,2896902.3051889576
2023-11-09,2995283.3213228863,2824763.898242112,3002730.5367498123,2995283.3213228863,2995283.3213228863,0.0,0.0,0.0,0.0,0.0,0.0,0.0,0.0,0.0,0.0,0.0,0.0,0.0,0.0,0.0,0.0,0.0,0.0,0.0,0.0,0.0,0.0,0.0,0.0,0.0,0.0,0.0,0.0,0.0,0.0,0.0,0.0,0.0,-0.027690835987244,-0.027690835987244,-0.027690835987244,-3.356731100005596e-05,-3.356731100005596e-05,-3.356731100005596e-05,-0.0276572686762439,-0.0276572686762439,-0.0276572686762439,0.0,0.0,0.0,2912341.4221368064
2023-11-10,3009445.3491210844,2837081.184998701,3019019.965843111,3009445.3491210844,3009445.3491210844,0.0,0.0,0.0,0.0,0.0,0.0,0.0,0.0,0.0,0.0,0.0,0.0,0.0,0.0,0.0,0.0,0.0,0.0,0.0,0.0,0.0,0.0,0.0,0.0,0.0,0.0,0.0,0.0,0.0,0.0,0.0,0.0,0.0,-0.0272895326370081,-0.0272895326370081,-0.0272895326370081,-4.983770820668568e-06,-4.983770820668568e-06,-4.983770820668568e-06,-0.0272845488661875,-0.0272845488661875,-0.0272845488661875,0.0,0.0,0.0,2927318.992046952
2023-11-11,3023607.376919281,2855522.431415325,3029497.4834838645,3023607.376919281,3023607.376919281,0.0,0.0,0.0,0.0,0.0,0.0,0.0,0.0,0.0,0.0,0.0,0.0,0.0,0.0,0.0,0.0,0.0,0.0,0.0,0.0,0.0,0.0,0.0,0.0,0.0,0.0,0.0,0.0,0.0,0.0,0.0,0.0,0.0,-0.0262005204452011,-0.0262005204452011,-0.0262005204452011,0.0006527986307421,0.0006527986307421,0.0006527986307421,-0.0268533190759432,-0.0268533190759432,-0.0268533190759432,0.0,0.0,0.0,2944387.2900220463
2023-11-12,3037769.40471748,2877324.1728114043,3043833.841684801,3037769.40471748,3037769.40471748,0.0,0.0,0.0,0.0,0.0,0.0,0.0,0.0,0.0,0.0,0.0,0.0,0.0,0.0,0.0,0.0,0.0,0.0,0.0,0.0,0.0,0.0,0.0,0.0,0.0,0.0,0.0,0.0,0.0,0.0,0.0,0.0,0.0,-0.0250676200929289,-0.0250676200929289,-0.0250676200929289,0.0012943274964951,0.0012943274964951,0.0012943274964951,-0.0263619475894241,-0.0263619475894241,-0.0263619475894241,0.0,0.0,0.0,2961619.7553500985
2023-11-13,3051931.432515677,2881390.5636953395,3061684.848179935,3051931.432515677,3051931.432515677,0.0,0.0,0.0,0.0,0.0,0.0,0.0,0.0,0.0,0.0,0.0,0.0,0.0,0.0,0.0,0.0,0.0,0.0,0.0,0.0,0.0,0.0,0.0,0.0,0.0,0.0,0.0,0.0,0.0,0.0,0.0,0.0,0.0,-0.0265094863229876,-0.0265094863229876,-0.0265094863229876,-0.0006993391191697,-0.0006993391191697,-0.0006993391191697,-0.0258101472038178,-0.0258101472038178,-0.0258101472038178,0.0,0.0,0.0,2971026.297946707
2023-11-14,3066093.460313875,2894075.636895269,3069558.638147902,3066093.460313875,3066093.460313875,0.0,0.0,0.0,0.0,0.0,0.0,0.0,0.0,0.0,0.0,0.0,0.0,0.0,0.0,0.0,0.0,0.0,0.0,0.0,0.0,0.0,0.0,0.0,0.0,0.0,0.0,0.0,0.0,0.0,0.0,0.0,0.0,0.0,-0.0261318539648692,-0.0261318539648692,-0.0261318539648692,-0.0009328826298023,-0.0009328826298023,-0.0009328826298023,-0.0251989713350668,-0.0251989713350668,-0.0251989713350668,0.0,0.0,0.0,2985970.7537663127
2023-11-15,3080255.4881120734,2913365.5329238083,3091055.561345412,3080255.4881120734,3080255.4881120734,0.0,0.0,0.0,0.0,0.0,0.0,0.0,0.0,0.0,0.0,0.0,0.0,0.0,0.0,0.0,0.0,0.0,0.0,0.0,0.0,0.0,0.0,0.0,0.0,0.0,0.0,0.0,0.0,0.0,0.0,0.0,0.0,0.0,-0.0248071276258573,-0.0248071276258573,-0.0248071276258573,-0.0002763532964443,-0.0002763532964443,-0.0002763532964443,-0.024530774329413,-0.024530774329413,-0.024530774329413,0.0,0.0,0.0,3003843.197098229
2023-11-16,3094417.515910272,2940017.929415315,3115537.039023509,3094417.515910272,3094417.515910272,0.0,0.0,0.0,0.0,0.0,0.0,0.0,0.0,0.0,0.0,0.0,0.0,0.0,0.0,0.0,0.0,0.0,0.0,0.0,0.0,0.0,0.0,0.0,0.0,0.0,0.0,0.0,0.0,0.0,0.0,0.0,0.0,0.0,-0.0238427049404629,-0.0238427049404629,-0.0238427049404629,-3.356731100069793e-05,-3.356731100069793e-05,-3.356731100069793e-05,-0.0238091376294622,-0.0238091376294622,-0.0238091376294622,0.0,0.0,0.0,3020638.232115823
2023-11-17,3108579.5437084693,2955897.7150797388,3128607.4162823963,3108579.5437084693,3108579.5437084693,0.0,0.0,0.0,0.0,0.0,0.0,0.0,0.0,0.0,0.0,0.0,0.0,0.0,0.0,0.0,0.0,0.0,0.0,0.0,0.0,0.0,0.0,0.0,0.0,0.0,0.0,0.0,0.0,0.0,0.0,0.0,0.0,0.0,-0.0230437481480707,-0.0230437481480707,-0.0230437481480707,-4.983770821460659e-06,-4.983770821460659e-06,-4.983770821460659e-06,-0.0230387643772493,-0.0230387643772493,-0.0230387643772493,0.0,0.0,0.0,3036946.2196050067
2023-11-18,3122741.5715066674,2968810.5895824023,3145268.681374829,3122741.5715066674,3122741.5715066674,0.0,0.0,0.0,0.0,0.0,0.0,0.0,0.0,0.0,0.0,0.0,0.0,0.0,0.0,0.0,0.0,0.0,0.0,0.0,0.0,0.0,0.0,0.0,0.0,0.0,0.0,0.0,0.0,0.0,0.0,0.0,0.0,0.0,-0.021572547254618,-0.021572547254618,-0.021572547254618,0.0006527986307427,0.0006527986307427,0.0006527986307427,-0.0222253458853607,-0.0222253458853607,-0.0222253458853607,0.0,0.0,0.0,3055376.0813913792
2023-11-19,3136903.5993048656,2989611.190130192,3165352.923321912,3136903.5993048656,3136903.5993048656,0.0,0.0,0.0,0.0,0.0,0.0,0.0,0.0,0.0,0.0,0.0,0.0,0.0,0.0,0.0,0.0,0.0,0.0,0.0,0.0,0.0,0.0,0.0,0.0,0.0,0.0,0.0,0.0,0.0,0.0,0.0,0.0,0.0,-0.0200810766495471,-0.0200810766495471,-0.0200810766495471,0.0012943274964943,0.0012943274964943,0.0012943274964943,-0.0213754041460415,-0.0213754041460415,-0.0213754041460415,0.0,0.0,0.0,3073911.197684984
2023-11-20,3151065.627103064,2993185.175174948,3172678.781001869,3151065.627103064,3151065.627103064,0.0,0.0,0.0,0.0,0.0,0.0,0.0,0.0,0.0,0.0,0.0,0.0,0.0,0.0,0.0,0.0,0.0,0.0,0.0,0.0,0.0,0.0,0.0,0.0,0.0,0.0,0.0,0.0,0.0,0.0,0.0,0.0,0.0,-0.0211954542771153,-0.0211954542771153,-0.0211954542771153,-0.0006993391191649,-0.0006993391191649,-0.0006993391191649,-0.0204961151579503,-0.0204961151579503,-0.0204961151579503,0.0,0.0,0.0,3084277.359679611
2023-11-21,3165227.654901261,3006705.3747354746,3184729.926096461,3165227.654901261,3165227.654901261,0.0,0.0,0.0,0.0,0.0,0.0,0.0,0.0,0.0,0.0,0.0,0.0,0.0,0.0,0.0,0.0,0.0,0.0,0.0,0.0,0.0,0.0,0.0,0.0,0.0,0.0,0.0,0.0,0.0,0.0,0.0,0.0,0.0,-0.0205280009439777,-0.0205280009439777,-0.0205280009439777,-0.0009328826298023,-0.0009328826298023,-0.0009328826298023,-0.0195951183141754,-0.0195951183141754,-0.0195951183141754,0.0,0.0,0.0,3100251.858613544
2023-11-22,3179389.68362819,3032165.949875868,3209345.8772980883,3179389.68362819,3179389.68362819,0.0,0.0,0.0,0.0,0.0,0.0,0.0,0.0,0.0,0.0,0.0,0.0,0.0,0.0,0.0,0.0,0.0,0.0,0.0,0.0,0.0,0.0,0.0,0.0,0.0,0.0,0.0,0.0,0.0,0.0,0.0,0.0,0.0,-0.0189566706981402,-0.0189566706981402,-0.0189566706981402,-0.0002763532964433,-0.0002763532964433,-0.0002763532964433,-0.0186803174016969,-0.0186803174016969,-0.0186803174016969,0.0,0.0,0.0,3119119.040374586
2023-11-23,3193551.712355118,3048940.020036219,3221435.164638696,3193551.712355118,3193551.712355118,0.0,0.0,0.0,0.0,0.0,0.0,0.0,0.0,0.0,0.0,0.0,0.0,0.0,0.0,0.0,0.0,0.0,0.0,0.0,0.0,0.0,0.0,0.0,0.0,0.0,0.0,0.0,0.0,0.0,0.0,0.0,0.0,0.0,-0.0177932462158128,-0.0177932462158128,-0.0177932462158128,-3.356731099963174e-05,-3.356731099963174e-05,-3.356731099963174e-05,-0.0177596789048132,-0.0177596789048132,-0.0177596789048132,0.0,0.0,0.0,3136728.060434252
2023-11-24,3207713.7410820457,3064968.2060552645,3244350.2018189025,3207713.7410820457,3207713.7410820457,0.0,0.0,0.0,0.0,0.0,0.0,0.0,0.0,0.0,0.0,0.0,0.0,0.0,0.0,0.0,0.0,0.0,0.0,0.0,0.0,0.0,0.0,0.0,0.0,0.0,0.0,0.0,0.0,0.0,0.0,0.0,0.0,0.0,-0.0168460170516346,-0.0168460170516346,-0.0168460170516346,-4.983770819331991e-06,-4.983770819331991e-06,-4.983770819331991e-06,-0.0168410332808153,-0.0168410332808153,-0.0168410332808153,0.0,0.0,0.0,3153676.5407030145
2023-11-25,3221875.7698089746,3083419.4268335365,3262822.5897447607,3221875.7698089746,3221875.7698089746,0.0,0.0,0.0,0.0,0.0,0.0,0.0,0.0,0.0,0.0,0.0,0.0,0.0,0.0,0.0,0.0,0.0,0.0,0.0,0.0,0.0,0.0,0.0,0.0,0.0,0.0,0.0,0.0,0.0,0.0,0.0,0.0,0.0,-0.0152790860574877,-0.0152790860574877,-0.0152790860574877,0.0006527986307433,0.0006527986307433,0.0006527986307433,-0.015931884688231,-0.015931884688231,-0.015931884688231,0.0,0.0,0.0,3172648.4526555287
2023-11-26,3236037.7985359025,3105745.930897721,3271042.502852784,3236037.7985359025,3236037.7985359025,0.0,0.0,0.0,0.0,0.0,0.0,0.0,0.0,0.0,0.0,0.0,0.0,0.0,0.0,0.0,0.0,0.0,0.0,0.0,0.0,0.0,0.0,0.0,0.0,0.0,0.0,0.0,0.0,0.0,0.0,0.0,0.0,0.0,-0.013744906807504,-0.013744906807504,-0.013744906807504,0.0012943274964939,0.0012943274964939,0.0012943274964939,-0.0150392343039979,-0.0150392343039979,-0.0150392343039979,0.0,0.0,0.0,3191558.760569466
2023-11-27,3250199.8272628305,3116140.650460625,3292241.006915386,3250199.8272628305,3250199.8272628305,0.0,0.0,0.0,0.0,0.0,0.0,0.0,0.0,0.0,0.0,0.0,0.0,0.0,0.0,0.0,0.0,0.0,0.0,0.0,0.0,0.0,0.0,0.0,0.0,0.0,0.0,0.0,0.0,0.0,0.0,0.0,0.0,0.0,-0.014868760997,-0.014868760997,-0.014868760997,-0.000699339119166,-0.000699339119166,-0.000699339119166,-0.014169421877834,-0.014169421877834,-0.014169421877834,0.0,0.0,0.0,3201873.3828387684
2023-11-28,3264361.8559897584,3131569.941081646,3301662.660190822,3264361.8559897584,3264361.8559897584,0.0,0.0,0.0,0.0,0.0,0.0,0.0,0.0,0.0,0.0,0.0,0.0,0.0,0.0,0.0,0.0,0.0,0.0,0.0,0.0,0.0,0.0,0.0,0.0,0.0,0.0,0.0,0.0,0.0,0.0,0.0,0.0,0.0,-0.0142608721861438,-0.0142608721861438,-0.0142608721861438,-0.000932882629801,-0.000932882629801,-0.000932882629801,-0.0133279895563428,-0.0133279895563428,-0.0133279895563428,0.0,0.0,0.0,3217809.208792165
2023-11-29,3278523.884716687,3148612.6703810724,3327498.0605728026,3278523.884716687,3278523.884716687,0.0,0.0,0.0,0.0,0.0,0.0,0.0,0.0,0.0,0.0,0.0,0.0,0.0,0.0,0.0,0.0,0.0,0.0,0.0,0.0,0.0,0.0,0.0,0.0,0.0,0.0,0.0,0.0,0.0,0.0,0.0,0.0,0.0,-0.0127959245820058,-0.0127959245820058,-0.0127959245820058,-0.0002763532964424,-0.0002763532964424,-0.0002763532964424,-0.0125195712855634,-0.0125195712855634,-0.0125195712855634,0.0,0.0,0.0,3236572.140347548
2023-11-30,3292685.913443615,3165392.951256901,3345839.626097333,3292685.913443615,3292685.913443615,0.0,0.0,0.0,0.0,0.0,0.0,0.0,0.0,0.0,0.0,0.0,0.0,0.0,0.0,0.0,0.0,0.0,0.0,0.0,0.0,0.0,0.0,0.0,0.0,0.0,0.0,0.0,0.0,0.0,0.0,0.0,0.0,0.0,-0.011781377602924,-0.011781377602924,-0.011781377602924,-3.356731099856555e-05,-3.356731099856555e-05,-3.356731099856555e-05,-0.0117478102919254,-0.0117478102919254,-0.0117478102919254,0.0,0.0,0.0,3253893.537369507
2023-12-01,3306847.942170543,3178351.058281531,3360295.516663452,3306847.942170543,3306847.942170543,0.0,0.0,0.0,0.0,0.0,0.0,0.0,0.0,0.0,0.0,0.0,0.0,0.0,0.0,0.0,0.0,0.0,0.0,0.0,0.0,0.0,0.0,0.0,0.0,0.0,0.0,0.0,0.0,0.0,0.0,0.0,0.0,0.0,-0.0110202900435166,-0.0110202900435166,-0.0110202900435166,-4.983770821973595e-06,-4.983770821973595e-06,-4.983770821973595e-06,-0.0110153062726946,-0.0110153062726946,-0.0110153062726946,0.0,0.0,0.0,3270405.5187180173
2023-12-02,3321009.9708974715,3193332.3871935266,3379363.5473531005,3321009.9708974715,3321009.9708974715,0.0,0.0,0.0,0.0,0.0,0.0,0.0,0.0,0.0,0.0,0.0,0.0,0.0,0.0,0.0,0.0,0.0,0.0,0.0,0.0,0.0,0.0,0.0,0.0,0.0,0.0,0.0,0.0,0.0,0.0,0.0,0.0,0.0,-0.0096707943940756,-0.0096707943940756,-0.0096707943940756,0.0006527986307385,0.0006527986307385,0.0006527986307385,-0.0103235930248142,-0.0103235930248142,-0.0103235930248142,0.0,0.0,0.0,3288893.166288247
2023-12-03,3335171.9996243995,3223724.416880112,3405565.09947353,3335171.9996243995,3335171.9996243995,0.0,0.0,0.0,0.0,0.0,0.0,0.0,0.0,0.0,0.0,0.0,0.0,0.0,0.0,0.0,0.0,0.0,0.0,0.0,0.0,0.0,0.0,0.0,0.0,0.0,0.0,0.0,0.0,0.0,0.0,0.0,0.0,0.0,-0.0083788188363448,-0.0083788188363448,-0.0083788188363448,0.0012943274964931,0.0012943274964931,0.0012943274964931,-0.0096731463328379,-0.0096731463328379,-0.0096731463328379,0.0,0.0,0.0,3307227.1976514966
2023-12-04,3349334.0283513283,3228364.608899987,3409034.252612037,3349334.0283513283,3349334.0283513283,0.0,0.0,0.0,0.0,0.0,0.0,0.0,0.0,0.0,0.0,0.0,0.0,0.0,0.0,0.0,0.0,0.0,0.0,0.0,0.0,0.0,0.0,0.0,0.0,0.0,0.0,0.0,0.0,0.0,0.0,0.0,0.0,0.0,-0.0097627601688017,-0.0097627601688017,-0.0097627601688017,-0.0006993391191676,-0.0006993391191676,-0.0006993391191676,-0.0090634210496341,-0.0090634210496341,-0.0090634210496341,0.0,0.0,0.0,3316635.2835073275
2023-12-05,3363496.0570782563,3237037.897163282,3417092.7865575133,3363496.0570782563,3363496.0570782563,0.0,0.0,0.0,0.0,0.0,0.0,0.0,0.0,0.0,0.0,0.0,0.0,0.0,0.0,0.0,0.0,0.0,0.0,0.0,0.0,0.0,0.0,0.0,0.0,0.0,0.0,0.0,0.0,0.0,0.0,0.0,0.0,0.0,-0.0094257980937116,-0.0094257980937116,-0.0094257980937116,-0.0009328826298021,-0.0009328826298021,-0.0009328826298021,-0.0084929154639094,-0.0084929154639094,-0.0084929154639094,0.0,0.0,0.0,3331792.422355241
2023-12-06,3377658.085805184,3226746.749621186,3401904.084197147,3377658.085805184,3377658.085805184,0.0,0.0,0.0,0.0,0.0,0.0,0.0,0.0,0.0,-0.0097707295,-0.0097707295,-0.0097707295,0.0,0.0,0.0,0.0,0.0,0.0,0.0,0.0,0.0,0.0,0.0,0.0,0.0,0.0,0.0,0.0,0.0,0.0,-0.0097707295,-0.0097707295,-0.0097707295,-0.0180063430776288,-0.0180063430776288,-0.0180063430776288,-0.0002763532964448,-0.0002763532964448,-0.0002763532964448,-0.007959260281184,-0.007959260281184,-0.007959260281184,0.0,0.0,0.0,3316838.815513249
2023-12-07,3391820.114532112,3278828.470165034,3448402.3326217798,3391820.114532112,3391820.114532112,0.0,0.0,0.0,0.0,0.0,0.0,0.0,0.0,0.0,0.0,0.0,0.0,0.0,0.0,0.0,0.0,0.0,0.0,0.0,0.0,0.0,0.0,0.0,0.0,0.0,0.0,0.0,0.0,0.0,0.0,0.0,0.0,0.0,-0.007492896182384,-0.007492896182384,-0.007492896182384,-3.356731100091568e-05,-3.356731100091568e-05,-3.356731100091568e-05,-0.0074593288713831,-0.0074593288713831,-0.0074593288713831,0.0,0.0,0.0,3366405.558544601
2023-12-08,3405982.143259041,3228839.198944181,3405930.2014941974,3405982.143259041,3405982.143259041,0.0,0.0,0.0,0.0,0.0,0.0,0.0,0.0,0.0,0.0,0.0,0.0,0.0,0.0,0.0,0.0,0.0,0.0,-0.01861125,-0.01861125,-0.01861125,0.0,0.0,0.0,0.0,0.0,0.0,0.0,0.0,0.0,-0.01861125,-0.01861125,-0.01861125,-0.0256055986470359,-0.0256055986470359,-0.0256055986470359,-4.983770821305429e-06,-4.983770821305429e-06,-4.983770821305429e-06,-0.0069893648762146,-0.0069893648762146,-0.0069893648762146,0.0,0.0,0.0,3318769.9314997788
2023-12-09,3420144.171985969,3308597.970097616,3483546.8076198134,3420144.171985969,3420144.171985969,0.0,0.0,0.0,0.0,0.0,0.0,0.0,0.0,0.0,0.0,0.0,0.0,0.0,0.0,0.0,0.0,0.0,0.0,0.0,0.0,0.0,0.0,0.0,0.0,0.0,0.0,0.0,0.0,0.0,0.0,0.0,0.0,0.0,-0.005892324207159,-0.005892324207159,-0.005892324207159,0.0006527986307401,0.0006527986307401,0.0006527986307401,-0.0065451228378991,-0.0065451228378991,-0.0065451228378991,0.0,0.0,0.0,3399991.573689402
2023-12-10,3434306.200712897,3326280.1958309677,3511459.165306,3434306.200712897,3434306.200712897,0.0,0.0,0.0,0.0,0.0,0.0,0.0,0.0,0.0,0.0,0.0,0.0,0.0,0.0,0.0,0.0,0.0,0.0,0.0,0.0,0.0,0.0,0.0,0.0,0.0,0.0,0.0,0.0,0.0,0.0,0.0,0.0,0.0,-0.0048276897229556,-0.0048276897229556,-0.0048276897229556,0.0012943274964925,0.0012943274964925,0.0012943274964925,-0.0061220172194482,-0.0061220172194482,-0.0061220172194482,0.0,0.0,0.0,3417726.4359622323
2023-12-11,3448468.2294398253,3333802.488350481,3513679.8408284774,3448468.2294398253,3448468.2294398253,0.0,0.0,0.0,0.0,0.0,0.0,0.0,0.0,0.0,0.0,0.0,0.0,0.0,0.0,0.0,0.0,0.0,0.0,0.0,0.0,0.0,0.0,0.0,0.0,0.0,0.0,0.0,0.0,0.0,0.0,0.0,0.0,0.0,-0.0064146141613185,-0.0064146141613185,-0.0064146141613185,-0.0006993391191691,-0.0006993391191691,-0.0006993391191691,-0.0057152750421493,-0.0057152750421493,-0.0057152750421493,0.0,0.0,0.0,3426347.636300403
2023-12-12,3462630.2581667537,3354855.431382232,3529561.5273583485,3462630.2581667537,3462630.2581667537,0.0,0.0,0.0,0.0,0.0,0.0,0.0,0.0,0.0,0.0,0.0,0.0,0.0,0.0,0.0,0.0,0.0,0.0,0.0,0.0,0.0,0.0,0.0,0.0,0.0,0.0,0.0,0.0,0.0,0.0,0.0,0.0,0.0,-0.0062529700006229,-0.0062529700006229,-0.0062529700006229,-0.0009328826298027,-0.0009328826298027,-0.0009328826298027,-0.0053200873708202,-0.0053200873708202,-0.0053200873708202,0.0,0.0,0.0,3440978.5350391874
2023-12-13,3476792.2868936816,3371526.1007881514,3545585.1098059164,3476792.2868936816,3476792.2868936816,0.0,0.0,0.0,0.0,0.0,0.0,0.0,0.0,0.0,0.0,0.0,0.0,0.0,0.0,0.0,0.0,0.0,0.0,0.0,0.0,0.0,0.0,0.0,0.0,0.0,0.0,0.0,0.0,0.0,0.0,0.0,0.0,0.0,-0.0052081083260192,-0.0052081083260192,-0.0052081083260192,-0.0002763532964438,-0.0002763532964438,-0.0002763532964438,-0.0049317550295754,-0.0049317550295754,-0.0049317550295754,0.0,0.0,0.0,3458684.776036471
2023-12-14,3490954.31562061,3389212.552747959,3562685.936329066,3490954.31562061,3490954.31562061,0.0,0.0,0.0,0.0,0.0,0.0,0.0,0.0,0.0,0.0,0.0,0.0,0.0,0.0,0.0,0.0,0.0,0.0,0.0,0.0,0.0,0.0,0.0,0.0,0.0,0.0,0.0,0.0,0.0,0.0,0.0,0.0,0.0,-0.0045793915345372,-0.0045793915345372,-0.0045793915345372,-3.356731099984949e-05,-3.356731099984949e-05,-3.356731099984949e-05,-0.0045458242235374,-0.0045458242235374,-0.0045458242235374,0.0,0.0,0.0,3474967.868980201
2023-12-15,3505116.344347538,3405912.3210712485,3581345.2182815685,3505116.344347538,3505116.344347538,0.0,0.0,0.0,0.0,0.0,0.0,0.0,0.0,0.0,0.0,0.0,0.0,0.0,0.0,0.0,0.0,0.0,0.0,0.0,0.0,0.0,0.0,0.0,0.0,0.0,0.0,0.0,0.0,0.0,0.0,0.0,0.0,0.0,-0.0041631919352713,-0.0041631919352713,-0.0041631919352713,-4.983770822097438e-06,-4.983770822097438e-06,-4.983770822097438e-06,-0.0041582081644492,-0.0041582081644492,-0.0041582081644492,0.0,0.0,0.0,3490523.8722505625
2023-12-16,3519278.373074466,3420780.6678659064,3600806.635070138,3519278.373074466,3519278.373074466,0.0,0.0,0.0,0.0,0.0,0.0,0.0,0.0,0.0,0.0,0.0,0.0,0.0,0.0,0.0,0.0,0.0,0.0,0.0,0.0,0.0,0.0,0.0,0.0,0.0,0.0,0.0,0.0,0.0,0.0,0.0,0.0,0.0,-0.0031124927046097,-0.0031124927046097,-0.0031124927046097,0.0006527986307406,0.0006527986307406,0.0006527986307406,-0.0037652913353504,-0.0037652913353504,-0.0037652913353504,0.0,0.0,0.0,3508324.6448127804
2023-12-17,3533440.4018013948,3442281.588310924,3610726.162400208,3533440.4018013948,3533440.4018013948,0.0,0.0,0.0,0.0,0.0,0.0,0.0,0.0,0.0,0.0,0.0,0.0,0.0,0.0,0.0,0.0,0.0,0.0,0.0,0.0,0.0,0.0,0.0,0.0,0.0,0.0,0.0,0.0,0.0,0.0,0.0,0.0,0.0,-0.0020696861670918,-0.0020696861670918,-0.0020696861670918,0.0012943274964955,0.0012943274964955,0.0012943274964955,-0.0033640136635873,-0.0033640136635873,-0.0033640136635873,0.0,0.0,0.0,3526127.289079543
2023-12-18,3547602.4305283227,3446162.879348756,3622429.3492633086,3547602.4305283227,3547602.4305283227,0.0,0.0,0.0,0.0,0.0,0.0,0.0,0.0,0.0,0.0,0.0,0.0,0.0,0.0,0.0,0.0,0.0,0.0,0.0,0.0,0.0,0.0,0.0,0.0,0.0,0.0,0.0,0.0,0.0,0.0,0.0,0.0,0.0,-0.0036512717003815,-0.0036512717003815,-0.0036512717003815,-0.0006993391191696,-0.0006993391191696,-0.0006993391191696,-0.0029519325812119,-0.0029519325812119,-0.0029519325812119,0.0,0.0,0.0,3534649.170169529
2023-12-19,3561764.45925525,3456519.010696844,3636380.6037321584,3561764.45925525,3561764.45925525,0.0,0.0,0.0,0.0,0.0,0.0,0.0,0.0,0.0,0.0,0.0,0.0,0.0,0.0,0.0,0.0,0.0,0.0,0.0,0.0,0.0,0.0,0.0,0.0,0.0,0.0,0.0,0.0,0.0,0.0,0.0,0.0,0.0,-0.0034601443438217,-0.0034601443438217,-0.0034601443438217,-0.0009328826298038,-0.0009328826298038,-0.0009328826298038,-0.0025272617140178,-0.0025272617140178,-0.0025272617140178,0.0,0.0,0.0,3549440.240107533
2023-12-20,3575926.487982178,3477338.382124326,3661536.246742744,3575926.487982178,3575926.487982178,0.0,0.0,0.0,0.0,0.0,0.0,0.0,0.0,0.0,0.0,0.0,0.0,0.0,0.0,0.0,0.0,0.0,0.0,0.0,0.0,0.0,0.0,0.0,0.0,0.0,0.0,0.0,0.0,0.0,0.0,0.0,0.0,0.0,-0.0023652390271804,-0.0023652390271804,-0.0023652390271804,-0.0002763532964444,-0.0002763532964444,-0.0002763532964444,-0.002088885730736,-0.002088885730736,-0.002088885730736,0.0,0.0,0.0,3567468.5670944746
2023-12-21,3590088.51479336,3496915.859558224,3675594.537674005,3590088.51479336,3590088.51479336,0.0,0.0,0.0,0.0,0.0,0.0,0.0,0.0,0.0,0.0,0.0,0.0,0.0,0.0,0.0,0.0,0.0,0.0,0.0,0.0,0.0,0.0,0.0,0.0,0.0,0.0,0.0,0.0,0.0,0.0,0.0,0.0,0.0,-0.001669918987894,-0.001669918987894,-0.001669918987894,-3.356731100049146e-05,-3.356731100049146e-05,-3.356731100049146e-05,-0.0016363516768935,-0.0016363516768935,-0.0016363516768935,0.0,0.0,0.0,3584093.3578142864
2023-12-22,3604250.541604542,3509809.0832065614,3685791.703708818,3604250.541604542,3604250.541604542,0.0,0.0,0.0,0.0,0.0,0.0,0.0,0.0,0.0,0.0,0.0,0.0,0.0,0.0,0.0,0.0,0.0,0.0,0.0,0.0,0.0,0.0,0.0,0.0,0.0,0.0,0.0,0.0,0.0,0.0,0.0,0.0,0.0,-0.0011748216590156,-0.0011748216590156,-0.0011748216590156,-4.983770822889692e-06,-4.983770822889692e-06,-4.983770822889692e-06,-0.0011698378881927,-0.0011698378881927,-0.0011698378881927,0.0,0.0,0.0,3600016.190003746
2023-12-23,3618412.568415723,3532605.9412607937,3705415.6445527975,3618412.568415723,3618412.568415723,0.0,0.0,0.0,0.0,0.0,0.0,0.0,0.0,0.0,0.0,0.0,0.0,0.0,0.0,0.0,0.0,0.0,0.0,0.0,0.0,0.0,0.0,0.0,0.0,0.0,0.0,0.0,0.0,0.0,0.0,0.0,0.0,0.0,-3.730367142695704e-05,-3.730367142695704e-05,-3.730367142695704e-05,0.0006527986307421,0.0006527986307421,0.0006527986307421,-0.0006901023021691,-0.0006901023021691,-0.0006901023021691,0.0,0.0,0.0,3618277.5883421833
2023-12-24,3632574.595226905,3546239.0671717385,3723680.1258102376,3632574.595226905,3632574.595226905,0.0,0.0,0.0,0.0,0.0,0.0,0.0,0.0,0.0,0.0,0.0,0.0,0.0,0.0,0.0,0.0,0.0,0.0,0.0,0.0,0.0,0.0,0.0,0.0,0.0,0.0,0.0,0.0,0.0,0.0,0.0,0.0,0.0,0.0010959148551571,0.0010959148551571,0.0010959148551571,0.0012943274964949,0.0012943274964949,0.0012943274964949,-0.0001984126413377,-0.0001984126413377,-0.0001984126413377,0.0,0.0,0.0,3636555.5876882807
2023-12-25,3646736.6220380864,3587770.694598199,3762194.77641417,3646736.6220380864,3646736.6220380864,0.0,0.0,0.0,0.0,0.0,0.0,0.0078037725,0.0078037725,0.0078037725,0.0,0.0,0.0,0.0,0.0,0.0,0.0,0.0,0.0,0.0,0.0,0.0,0.0,0.0,0.0,0.0,0.0,0.0,0.0,0.0,0.0,0.0078037725,0.0078037725,0.0078037725,0.0074079718747651,0.0074079718747651,0.0074079718747651,-0.0006993391191712,-0.0006993391191712,-0.0006993391191712,0.0003035384939363,0.0003035384939363,0.0003035384939363,0.0,0.0,0.0,3673751.54436882
2023-12-26,3660898.648849267,3580807.729414287,3749291.061903446,3660898.648849267,3660898.648849267,0.0,0.0,0.0,0.0,0.0,0.0,0.0,0.0,0.0,0.0,0.0,0.0,0.0,0.0,0.0,0.0,0.0,0.0,0.0,0.0,0.0,0.0,0.0,0.0,0.0,0.0,0.0,0.0,0.0,0.0,0.0,0.0,0.0,-0.0001191525032616,-0.0001191525032616,-0.0001191525032616,-0.0009328826298026,-0.0009328826298026,-0.0009328826298026,0.000813730126541,0.000813730126541,0.000813730126541,0.0,0.0,0.0,3660462.4436110696
2023-12-27,3675060.675660449,3587201.7687170138,3757545.809808265,3675060.675660449,3675060.675660449,0.0,0.0,0.0,0.0,0.0,0.0,0.0,0.0,0.0,0.0,0.0,0.0,0.0,0.0,0.0,0.0,0.0,0.0,0.0,0.0,0.0,0.0,0.0,0.0,0.0,0.0,0.0,0.0,0.0,0.0,0.0,0.0,0.0,0.0010535638674949,0.0010535638674949,0.0010535638674949,-0.0002763532964434,-0.0002763532964434,-0.0002763532964434,0.0013299171639383,0.0013299171639383,0.0013299171639383,0.0,0.0,0.0,3678932.586799176
2023-12-28,3689222.702471631,3615435.21454655,3776490.136519957,3689222.702471631,3689222.702471631,0.0,0.0,0.0,0.0,0.0,0.0,0.0,0.0,0.0,0.0,0.0,0.0,0.0,0.0,0.0,0.0,0.0,0.0,0.0,0.0,0.0,0.0,0.0,0.0,0.0,0.0,0.0,0.0,0.0,0.0,0.0,0.0,0.0,0.0018161710681288,0.0018161710681288,0.0018161710681288,-3.3567310999739374e-05,-3.3567310999739374e-05,-3.3567310999739374e-05,0.0018497383791285,0.0018497383791285,0.0018497383791285,0.0,0.0,0.0,3695922.962007744
2023-12-29,3703384.729282812,3621481.684418552,3796601.067936768,3703384.729282812,3703384.729282812,0.0,0.0,0.0,0.0,0.0,0.0,0.0,0.0,0.0,0.0,0.0,0.0,0.0,0.0,0.0,0.0,0.0,0.0,0.0,0.0,0.0,0.0,0.0,0.0,0.0,0.0,0.0,0.0,0.0,0.0,0.0,0.0,0.0,0.0023658402295949,0.0023658402295949,0.0023658402295949,-4.983770820761051e-06,-4.983770820761051e-06,-4.983770820761051e-06,0.0023708240004156,0.0023708240004156,0.0023708240004156,0.0,0.0,0.0,3712146.345861017
2023-12-30,3717546.756093994,3644746.5325282775,3819384.3977509774,3717546.756093994,3717546.756093994,0.0,0.0,0.0,0.0,0.0,0.0,0.0,0.0,0.0,0.0,0.0,0.0,0.0,0.0,0.0,0.0,0.0,0.0,0.0,0.0,0.0,0.0,0.0,0.0,0.0,0.0,0.0,0.0,0.0,0.0,0.0,0.0,0.0,0.003543697497298,0.003543697497298,0.003543697497298,0.0006527986307418,0.0006527986307418,0.0006527986307418,0.0028908988665562,0.0028908988665562,0.0028908988665562,0.0,0.0,0.0,3730720.617229652
2023-12-31,3731708.782905176,3660384.727668196,3843238.807738541,3731708.782905176,3731708.782905176,0.0,0.0,0.0,0.0,0.0,0.0,0.0,0.0,0.0,0.0,0.0,0.0,0.0,0.0,0.0,0.0,0.0,0.0,0.0,0.0,0.0,0.0,0.0,0.0,0.0,0.0,0.0,0.0,0.0,0.0,0.0,0.0,0.0,0.0047022048027779,0.0047022048027779,0.0047022048027779,0.0012943274964941,0.0012943274964941,0.0012943274964941,0.0034078773062837,0.0034078773062837,0.0034078773062837,0.0,0.0,0.0,3749256.04186672
2024-01-01,3745870.809716357,3682400.614684346,3865762.713882898,3745870.809716357,3745870.809716357,0.0,0.0,0.0,0.0,0.0,0.0,0.0,0.0,0.0,0.0,0.0,0.0,0.0,0.0,0.0,0.0,0.0,0.0,0.0,0.0,0.0,0.0,0.0,0.0,0.0,0.0,0.0,0.0038295555,0.0038295555,0.0038295555,0.0038295555,0.0038295555,0.0038295555,0.0070501626121213,0.0070501626121213,0.0070501626121213,-0.0006993391191722,-0.0006993391191722,-0.0006993391191722,0.0039199462312936,0.0039199462312936,0.0039199462312936,0.0,0.0,0.0,3772279.808048856
2024-01-02,3760032.836527538,3684120.385293778,3856947.113738616,3760032.836527538,3760032.836527538,0.0,0.0,0.0,0.0,0.0,0.0,0.0,0.0,0.0,0.0,0.0,0.0,0.0,0.0,0.0,0.0,0.0,0.0,0.0,0.0,0.0,0.0,0.0,0.0,0.0,0.0,0.0,0.0,0.0,0.0,0.0,0.0,0.0,0.0034927507485547,0.0034927507485547,0.0034927507485547,-0.0009328826298044,-0.0009328826298044,-0.0009328826298044,0.0044256333783591,0.0044256333783591,0.0044256333783591,0.0,0.0,0.0,3773165.69403191
2024-01-03,3774194.86333872,3704251.7116409065,3878997.343871472,3774194.86333872,3774194.86333872,0.0,0.0,0.0,0.0,0.0,0.0,0.0,0.0,0.0,0.0,0.0,0.0,0.0,0.0,0.0,0.0,0.0,0.0,0.0,0.0,0.0,0.0,0.0,0.0,0.0,0.0,0.0,0.0,0.0,0.0,0.0,0.0,0.0,0.0046475048878065,0.0046475048878065,0.0046475048878065,-0.0002763532964441,-0.0002763532964441,-0.0002763532964441,0.0049238581842506,0.0049238581842506,0.0049238581842506,0.0,0.0,0.0,3791735.452413621
2024-01-04,3788356.8901499007,3718987.669918037,3905218.956570475,3788356.8901499007,3788356.8901499007,0.0,0.0,0.0,0.0,0.0,0.0,0.0,0.0,0.0,0.0,0.0,0.0,0.0,0.0,0.0,0.0,0.0,0.0,0.0,0.0,0.0,0.0,0.0,0.0,0.0,0.0,0.0,0.0,0.0,0.0,0.0,0.0,0.0,0.0053803960976784,0.0053803960976784,0.0053803960976784,-3.3567311000381344e-05,-3.3567311000381344e-05,-3.3567311000381344e-05,0.0054139634086788,0.0054139634086788,0.0054139634086788,0.0,0.0,0.0,3808739.750778277
2024-01-05,3802518.9169610823,3744979.416110477,3910785.294188816,3802518.9169610823,3802518.9169610823,0.0,0.0,0.0,0.0,0.0,0.0,0.0,0.0,0.0,0.0,0.0,0.0,0.0,0.0,0.0,0.0,0.0,0.0,0.0,0.0,0.0,0.0,0.0,0.0,0.0,0.0,0.0,0.0,0.0,0.0,0.0,0.0,0.0,0.0058907425439112,0.0058907425439112,0.0058907425439112,-4.9837708204818415e-06,-4.9837708204818415e-06,-4.9837708204818415e-06,0.0058957263147317,0.0058957263147317,0.0058957263147317,0.0,0.0,0.0,3824918.576919253
2024-01-06,3816680.9437722648,3716930.618919429,3895682.7705732817,3816680.9437722648,3816680.9437722648,0.0,0.0,0.0,0.0,0.0,0.0,0.0,0.0,0.0,0.0,0.0,0.0,-0.0091424888,-0.0091424888,-0.0091424888,0.0,0.0,0.0,0.0,0.0,0.0,0.0,0.0,0.0,0.0,0.0,0.0,0.0,0.0,0.0,-0.0091424888,-0.0091424888,-0.0091424888,-0.0021203412188028,-0.0021203412188028,-0.0021203412188028,0.0006527986307433,0.0006527986307433,0.0006527986307433,0.0063693489504537,0.0063693489504537,0.0063693489504537,0.0,0.0,0.0,3808588.277848165
2024-01-07,3830842.970583445,3766419.076155012,3954688.564412613,3830842.970583445,3830842.970583445,0.0,0.0,0.0,0.0,0.0,0.0,0.0,0.0,0.0,0.0,0.0,0.0,0.0,0.0,0.0,0.0,0.0,0.0,0.0,0.0,0.0,0.0,0.0,0.0,0.0,0.0,0.0,0.0,0.0,0.0,0.0,0.0,0.0,0.0081297553219704,0.0081297553219704,0.0081297553219704,0.0012943274964935,0.0012943274964935,0.0012943274964935,0.0068354278254769,0.0068354278254769,0.0068354278254769,0.0,0.0,0.0,3861986.786611179
2024-01-08,3845004.997394627,3787399.394187799,3959574.4685593215,3845004.997394627,3845004.997394627,0.0,0.0,0.0,0.0,0.0,0.0,0.0,0.0,0.0,0.0,0.0,0.0,0.0,0.0,0.0,0.0,0.0,0.0,0.0,0.0,0.0,0.0,0.0,0.0,0.0,0.0,0.0,0.0,0.0,0.0,0.0,0.0,0.0,0.0065955648993558,0.0065955648993558,0.0065955648993558,-0.0006993391191669,-0.0006993391191669,-0.0006993391191669,0.0072949040185228,0.0072949040185228,0.0072949040185228,0.0,0.0,0.0,3870364.977393291
2024-01-09,3859167.024205809,3795240.718768432,3971333.4966856446,3859167.024205809,3859167.024205809,0.0,0.0,0.0,0.0,0.0,0.0,0.0,0.0,0.0,0.0,0.0,0.0,0.0,0.0,0.0,0.0,0.0,0.0,0.0,0.0,0.0,0.0,0.0,0.0,0.0,0.0,0.0,0.0,0.0,0.0,0.0,0.0,0.0,0.0068161128309877,0.0068161128309877,0.0068161128309877,-0.0009328826298043,-0.0009328826298043,-0.0009328826298043,0.0077489954607921,0.0077489954607921,0.0077489954607921,0.0,0.0,0.0,3885471.5420764233
2024-01-10,3873329.0510169896,3810497.881271565,3995683.9536252464,3873329.0510169896,3873329.0510169896,0.0,0.0,0.0,0.0,0.0,0.0,0.0,0.0,0.0,0.0,0.0,0.0,0.0,0.0,0.0,0.0,0.0,0.0,0.0,0.0,0.0,0.0,0.0,0.0,0.0,0.0,0.0,0.0,0.0,0.0,0.0,0.0,0.0,0.0079227604972583,0.0079227604972583,0.0079227604972583,-0.0002763532964415,-0.0002763532964415,-0.0002763532964415,0.0081991137936998,0.0081991137936998,0.0081991137936998,0.0,0.0,0.0,3904016.50941527
2024-01-11,3887491.077828172,3827090.050152352,4010303.650834026,3887491.077828172,3887491.077828172,0.0,0.0,0.0,0.0,0.0,0.0,0.0,0.0,0.0,0.0,0.0,0.0,0.0,0.0,0.0,0.0,0.0,0.0,0.0,0.0,0.0,0.0,0.0,0.0,0.0,0.0,0.0,0.0,0.0,0.0,0.0,0.0,0.0,0.0086132014646034,0.0086132014646034,0.0086132014646034,-3.356731099931515e-05,-3.356731099931515e-05,-3.356731099931515e-05,0.0086467687756027,0.0086467687756027,0.0086467687756027,0.0,0.0,0.0,3920974.821673354
2024-01-12,3901653.1046393537,3846301.820717403,4026877.3757952456,3901653.1046393537,3901653.1046393537,0.0,0.0,0.0,0.0,0.0,0.0,0.0,0.0,0.0,0.0,0.0,0.0,0.0,0.0,0.0,0.0,0.0,0.0,0.0,0.0,0.0,0.0,0.0,0.0,0.0,0.0,0.0,0.0,0.0,0.0,0.0,0.0,0.0,0.0090884799212838,0.0090884799212838,0.0090884799212838,-4.98377082127396e-06,-4.98377082127396e-06,-4.98377082127396e-06,0.0090934636921051,0.0090934636921051,0.0090934636921051,0.0,0.0,0.0,3937113.200540683
2024-01-13,3915815.1314505343,3871401.311013357,4045012.249735852,3915815.1314505343,3915815.1314505343,0.0,0.0,0.0,0.0,0.0,0.0,0.0,0.0,0.0,0.0,0.0,0.0,0.0,0.0,0.0,0.0,0.0,0.0,0.0,0.0,0.0,0.0,0.0,0.0,0.0,0.0,0.0,0.0,0.0,0.0,0.0,0.0,0.0,0.0101933842228886,0.0101933842228886,0.0101933842228886,0.0006527986307395,0.0006527986307395,0.0006527986307395,0.009540585592149,0.009540585592149,0.009540585592149,0.0,0.0,0.0,3955730.539631211
2024-01-14,3929977.158261717,3885577.122770166,4067837.711290672,3929977.158261717,3929977.158261717,0.0,0.0,0.0,0.0,0.0,0.0,0.0,0.0,0.0,0.0,0.0,0.0,0.0,0.0,0.0,0.0,0.0,0.0,0.0,0.0,0.0,0.0,0.0,0.0,0.0,0.0,0.0,0.0,0.0,0.0,0.0,0.0,0.0,0.0112836219114215,0.0112836219114215,0.0112836219114215,0.0012943274964926,0.0012943274964926,0.0012943274964926,0.0099892944149288,0.0099892944149288,0.0099892944149288,0.0,0.0,0.0,3974321.534636065
2024-01-15,3944139.185072898,3898651.911558342,4074855.47059424,3944139.185072898,3944139.185072898,0.0,0.0,0.0,0.0,0.0,0.0,0.0,0.0,0.0,0.0,0.0,0.0,0.0,0.0,0.0,0.0,0.0,0.0,0.0,0.0,0.0,0.0,0.0,0.0,0.0,0.0,0.0,0.0,0.0,0.0,0.0,0.0,0.0,0.0097410760631018,0.0097410760631018,0.0097410760631018,-0.0006993391191679,-0.0006993391191679,-0.0006993391191679,0.0104404151822698,0.0104404151822698,0.0104404151822698,0.0,0.0,0.0,3982559.3448781534
2024-01-16,3958301.211884079,3905736.0087102647,4091610.128677197,3958301.211884079,3958301.211884079,0.0,0.0,0.0,0.0,0.0,0.0,0.0,0.0,0.0,0.0,0.0,0.0,0.0,0.0,0.0,0.0,0.0,0.0,0.0,0.0,0.0,0.0,0.0,0.0,0.0,0.0,0.0,0.0,0.0,0.0,0.0,0.0,0.0,0.0099614547729977,0.0099614547729977,0.0099614547729977,-0.0009328826298042,-0.0009328826298042,-0.0009328826298042,0.010894337402802,0.010894337402802,0.010894337402802,0.0,0.0,0.0,3997731.650384165
2024-01-17,3972463.2386952606,3933644.481209449,4097031.422117985,3972463.2386952606,3972463.2386952606,0.0,0.0,0.0,0.0,0.0,0.0,0.0,0.0,0.0,0.0,0.0,0.0,0.0,0.0,0.0,0.0,0.0,0.0,0.0,0.0,0.0,0.0,0.0,0.0,0.0,0.0,0.0,0.0,0.0,0.0,0.0,0.0,0.0,0.0110745723719013,0.0110745723719013,0.0110745723719013,-0.0002763532964421,-0.0002763532964421,-0.0002763532964421,0.0113509256683435,0.0113509256683435,0.0113509256683435,0.0,0.0,0.0,4016456.570326909
2024-01-18,3986625.265506442,3940837.957777669,4121242.508492687,3986625.265506442,3986625.265506442,0.0,0.0,0.0,0.0,0.0,0.0,0.0,0.0,0.0,0.0,0.0,0.0,0.0,0.0,0.0,0.0,0.0,0.0,0.0,0.0,0.0,0.0,0.0,0.0,0.0,0.0,0.0,0.0,0.0,0.0,0.0,0.0,0.0,0.0117758778124787,0.0117758778124787,0.0117758778124787,-3.356731099995712e-05,-3.356731099995712e-05,-3.356731099995712e-05,0.0118094451234786,0.0118094451234786,0.0118094451234786,0.0,0.0,0.0,4033571.2775171874
2024-01-19,4000787.292317624,3962739.92453538,4140777.41881558,4000787.292317624,4000787.292317624,0.0,0.0,0.0,0.0,0.0,0.0,0.0,0.0,0.0,0.0,0.0,0.0,0.0,0.0,0.0,0.0,0.0,0.0,0.0,0.0,0.0,0.0,0.0,0.0,0.0,0.0,0.0,0.0,0.0,0.0,0.0,0.0,0.0,0.0122635212941247,0.0122635212941247,0.0122635212941247,-4.983770822066078e-06,-4.983770822066078e-06,-4.983770822066078e-06,0.0122685050649468,0.0122685050649468,0.0122685050649468,0.0,0.0,0.0,4049851.032470224
2024-01-20,4012271.31428078,3976710.464207829,4155839.543029035,4012271.31428078,4012271.31428078,0.0,0.0,0.0,0.0,0.0,0.0,0.0,0.0,0.0,0.0,0.0,0.0,0.0,0.0,0.0,0.0,0.0,0.0,0.0,0.0,0.0,0.0,0.0,0.0,0.0,0.0,0.0,0.0,0.0,0.0,0.0,0.0,0.0,0.013378822021528,0.013378822021528,0.013378822021528,0.0006527986307401,0.0006527986307401,0.0006527986307401,0.0127260233907879,0.0127260233907879,0.0127260233907879,0.0,0.0,0.0,4065950.778096625
2024-01-21,4023755.336243937,3998295.315243845,4176080.7632094775,4023755.336243937,4023755.336243937,0.0,0.0,0.0,0.0,0.0,0.0,0.0,0.0,0.0,0.0,0.0,0.0,0.0,0.0,0.0,0.0,0.0,0.0,0.0,0.0,0.0,0.0,0.0,0.0,0.0,0.0,0.0,0.0,0.0,0.0,0.0,0.0,0.0,0.0144735414826844,0.0144735414826844,0.0144735414826844,0.0012943274964922,0.0012943274964922,0.0012943274964922,0.0131792139861922,0.0131792139861922,0.0131792139861922,0.0,0.0,0.0,4081993.326019237
2024-01-22,4035239.358207094,3998057.075685837,4168355.2917898,4035239.358207094,4035239.358207094,0.0,0.0,0.0,0.0,0.0,0.0,0.0,0.0,0.0,0.0,0.0,0.0,0.0,0.0,0.0,0.0,0.0,0.0,0.0,0.0,0.0,0.0,0.0,0.0,0.0,0.0,0.0,0.0,0.0,0.0,0.0,0.0,0.0,0.0129252593039427,0.0129252593039427,0.0129252593039427,-0.000699339119169,-0.000699339119169,-0.000699339119169,0.0136245984231117,0.0136245984231117,0.0136245984231117,0.0,0.0,0.0,4087395.873265396
2024-01-23,4046723.380170251,4010160.8722799234,4192455.228696285,4046723.380170251,4046723.380170251,0.0,0.0,0.0,0.0,0.0,0.0,0.0,0.0,0.0,0.0,0.0,0.0,0.0,0.0,0.0,0.0,0.0,0.0,0.0,0.0,0.0,0.0,0.0,0.0,0.0,0.0,0.0,0.0,0.0,0.0,0.0,0.0,0.0,0.0131251599556996,0.0131251599556996,0.0131251599556996,-0.000932882629803,-0.000932882629803,-0.000932882629803,0.0140580425855026,0.0140580425855026,0.0140580425855026,0.0,0.0,0.0,4099837.271831455
2024-01-24,4058207.402133408,4027374.5439883303,4210839.649421356,4058207.402133408,4058207.402133408,0.0,0.0,0.0,0.0,0.0,0.0,0.0,0.0,0.0,0.0,0.0,0.0,0.0,0.0,0.0,0.0,0.0,0.0,0.0,0.0,0.0,0.0,0.0,0.0,0.0,0.0,0.0,0.0,0.0,0.0,0.0,0.0,0.0,0.0141984647389248,0.0141984647389248,0.0141984647389248,-0.0002763532964445,-0.0002763532964445,-0.0002763532964445,0.0144748180353693,0.0144748180353693,0.0144748180353693,0.0,0.0,0.0,4115827.7168358425
2024-01-25,4069691.424096564,4044538.732628271,4222762.298187534,4069691.424096564,4069691.424096564,0.0,0.0,0.0,0.0,0.0,0.0,0.0,0.0,0.0,0.0,0.0,0.0,0.0,0.0,0.0,0.0,0.0,0.0,0.0,0.0,0.0,0.0,0.0,0.0,0.0,0.0,0.0,0.0,0.0,0.0,0.0,0.0,0.0,0.0148361198203855,0.0148361198203855,0.0148361198203855,-3.3567310998890925e-05,-3.3567310998890925e-05,-3.3567310998890925e-05,0.0148696871313844,0.0148696871313844,0.0148696871313844,0.0,0.0,0.0,4130069.853696457
2024-01-26,4081175.446059721,4054261.6980806207,4228755.140745577,4081175.446059721,4081175.446059721,0.0,0.0,0.0,0.0,0.0,0.0,0.0,0.0,0.0,0.0,0.0,0.0,0.0,0.0,0.0,0.0,0.0,0.0,0.0,0.0,0.0,0.0,0.0,0.0,0.0,0.0,0.0,0.0,0.0,0.0,0.0,0.0,0.0,0.0152320263559665,0.0152320263559665,0.0152320263559665,-4.983770821397803e-06,-4.983770821397803e-06,-4.983770821397803e-06,0.0152370101267879,0.0152370101267879,0.0152370101267879,0.0,0.0,0.0,4143340.0180174266
2024-01-27,4092659.468022878,4076493.957664962,4255711.828196205,4092659.468022878,4092659.468022878,0.0,0.0,0.0,0.0,0.0,0.0,0.0,0.0,0.0,0.0,0.0,0.0,0.0,0.0,0.0,0.0,0.0,0.0,0.0,0.0,0.0,0.0,0.0,0.0,0.0,0.0,0.0,0.0,0.0,0.0,0.0,0.0,0.0,0.0162236703622515,0.0162236703622515,0.0162236703622515,0.0006527986307407,0.0006527986307407,0.0006527986307407,0.0155708717315107,0.0155708717315107,0.0155708717315107,0.0,0.0,0.0,4159057.4261370287
2024-01-28,4104143.4899860346,4083982.5888438574,4259972.770488855,4104143.4899860346,4104143.4899860346,0.0,0.0,0.0,0.0,0.0,0.0,0.0,0.0,0.0,0.0,0.0,0.0,0.0,0.0,0.0,0.0,0.0,0.0,0.0,0.0,0.0,0.0,0.0,0.0,0.0,0.0,0.0,0.0,0.0,0.0,0.0,0.0,0.0,0.0171595514450299,0.0171595514450299,0.0171595514450299,0.0012943274964914,0.0012943274964914,0.0012943274964914,0.0158652239485385,0.0158652239485385,0.0158652239485385,0.0,0.0,0.0,4174568.751340235
2024-01-29,4115627.5119491913,4088621.182327192,4268418.2286279965,4115627.5119491913,4115627.5119491913,0.0,0.0,0.0,0.0,0.0,0.0,0.0,0.0,0.0,0.0,0.0,0.0,0.0,0.0,0.0,0.0,0.0,0.0,0.0,0.0,0.0,0.0,0.0,0.0,0.0,0.0,0.0,0.0,0.0,0.0,0.0,0.0,0.0,0.0154147022890223,0.0154147022890223,0.0154147022890223,-0.0006993391191636,-0.0006993391191636,-0.0006993391191636,0.016114041408186,0.016114041408186,0.016114041408186,0.0,0.0,0.0,4179068.684778398
2024-01-30,4127111.533912349,4106888.3903691634,4277322.743087132,4127111.533912349,4127111.533912349,0.0,0.0,0.0,0.0,0.0,0.0,0.0,0.0,0.0,0.0,0.0,0.0,0.0,0.0,0.0,0.0,0.0,0.0,0.0,0.0,0.0,0.0,0.0,0.0,0.0,0.0,0.0,0.0,0.0,0.0,0.0,0.0,0.0,0.0153786023155589,0.0153786023155589,0.0153786023155589,-0.0009328826298017,-0.0009328826298017,-0.0009328826298017,0.0163114849453607,0.0163114849453607,0.0163114849453607,0.0,0.0,0.0,4190580.740904344
2024-01-31,4138595.555875505,4112606.926604285,4296685.44349021,4138595.555875505,4138595.555875505,0.0,0.0,0.0,0.0,0.0,0.0,0.0,0.0,0.0,0.0,0.0,0.0,0.0,0.0,0.0,0.0,0.0,0.0,0.0,0.0,0.0,0.0,0.0,0.0,0.0,0.0,0.0,0.0,0.0,0.0,0.0,0.0,0.0,0.0161757155136236,0.0161757155136236,0.0161757155136236,-0.0002763532964435,-0.0002763532964435,-0.0002763532964435,0.0164520688100672,0.0164520688100672,0.0164520688100672,0.0,0.0,0.0,4205540.300213295
2024-02-01,4150079.577838662,4130948.2007674286,4307485.037315141,4150079.577838662,4150079.577838662,0.0,0.0,0.0,0.0,0.0,0.0,0.0,0.0,0.0,0.0,0.0,0.0,0.0,0.0,0.0,0.0,0.0,0.0,0.0,0.0,0.0,0.0,0.0,0.0,0.0,0.0,0.0,0.0,0.0,0.0,0.0,0.0,0.0,0.0164972593715865,0.0164972593715865,0.0164972593715865,-3.356731100155517e-05,-3.356731100155517e-05,-3.356731100155517e-05,0.0165308266825881,0.0165308266825881,0.0165308266825881,0.0,0.0,0.0,4218544.517046991
2024-02-02,4161563.599801819,4139388.990055976,4321927.265450599,4161563.599801819,4161563.599801819,0.0,0.0,0.0,0.0,0.0,0.0,0.0,0.0,0.0,0.0,0.0,0.0,0.0,0.0,0.0,0.0,0.0,0.0,0.0,0.0,0.0,0.0,0.0,0.0,0.0,0.0,0.0,0.0,0.0,0.0,0.0,0.0,0.0,0.016538487819453,0.016538487819453,0.016538487819453,-4.983770820729528e-06,-4.983770820729528e-06,-4.983770820729528e-06,0.0165434715902738,0.0165434715902738,0.0165434715902738,0.0,0.0,0.0,4230389.56870702
2024-02-03,4173047.621764975,4156936.046668209,4331043.137579714,4173047.621764975,4173047.621764975,0.0,0.0,0.0,0.0,0.0,0.0,0.0,0.0,0.0,0.0,0.0,0.0,0.0,0.0,0.0,0.0,0.0,0.0,0.0,0.0,0.0,0.0,0.0,0.0,0.0,0.0,0.0,0.0,0.0,0.0,0.0,0.0,0.0,0.017139343527203,0.017139343527203,0.017139343527203,0.0006527986307422,0.0006527986307422,0.0006527986307422,0.0164865448964608,0.0164865448964608,0.0164865448964608,0.0,0.0,0.0,4244570.918509783
2024-02-04,4184531.643728132,4165064.467006783,4349661.337290371,4184531.643728132,4184531.643728132,0.0,0.0,0.0,0.0,0.0,0.0,0.0,0.0,0.0,0.0,0.0,0.0,0.0,0.0,0.0,0.0,0.0,0.0,0.0,0.0,0.0,0.0,0.0,0.0,0.0,0.0,0.0,0.0,0.0,0.0,0.0,0.0,0.0,0.0176518772496094,0.0176518772496094,0.0176518772496094,0.0012943274964944,0.0012943274964944,0.0012943274964944,0.0163575497531149,0.0163575497531149,0.0163575497531149,0.0,0.0,0.0,4258396.482650328
2024-02-05,4196015.665691289,4168043.56397701,4346748.00439615,4196015.665691289,4196015.665691289,0.0,0.0,0.0,0.0,0.0,0.0,0.0,0.0,0.0,0.0,0.0,0.0,0.0,0.0,0.0,0.0,0.0,0.0,0.0,0.0,0.0,0.0,0.0,0.0,0.0,0.0,0.0,0.0,0.0,0.0,0.0,0.0,0.0,0.0154557256531158,0.0154557256531158,0.0154557256531158,-0.0006993391191652,-0.0006993391191652,-0.0006993391191652,0.016155064772281,0.016155064772281,0.016155064772281,0.0,0.0,0.0,4260868.13265639
2024-02-06,4207499.687654446,4178966.807904919,4358818.903345302,4207499.687654446,4207499.687654446,0.0,0.0,0.0,0.0,0.0,0.0,0.0,0.0,0.0,0.0,0.0,0.0,0.0,0.0,0.0,0.0,0.0,0.0,0.0,0.0,0.0,0.0,0.0,0.0,0.0,0.0,0.0,0.0,0.0,0.0,0.0,0.0,0.0,0.0149459515378009,0.0149459515378009,0.0149459515378009,-0.0009328826298017,-0.0009328826298017,-0.0009328826298017,0.0158788341676026,0.0158788341676026,0.0158788341676026,0.0,0.0,0.0,4270384.774081442
2024-02-07,4218983.709617603,4195290.442571471,4373112.901788601,4218983.709617603,4218983.709617603,0.0,0.0,0.0,0.0,0.0,0.0,0.0,0.0,0.0,0.0,0.0,0.0,0.0,0.0,0.0,0.0,0.0,0.0,0.0,0.0,0.0,0.0,0.0,0.0,0.0,0.0,0.0,0.0,0.0,0.0,0.0,0.0,0.0,0.0152534779362298,0.0152534779362298,0.0152534779362298,-0.0002763532964425,-0.0002763532964425,-0.0002763532964425,0.0155298312326723,0.0155298312326723,0.0155298312326723,0.0,0.0,0.0,4283337.884545568
2024-02-08,4230467.731580759,4204196.684305373,4376044.458721779,4230467.731580759,4230467.731580759,0.0,0.0,0.0,0.0,0.0,0.0,0.0,0.0,0.0,0.0,0.0,0.0,0.0,0.0,0.0,0.0,0.0,0.0,0.0,0.0,0.0,0.0,0.0,0.0,0.0,0.0,0.0,0.0,0.0,0.0,0.0,0.0,0.0,0.0150767254291576,0.0150767254291576,0.0150767254291576,-3.356731100048897e-05,-3.356731100048897e-05,-3.356731100048897e-05,0.0151102927401581,0.0151102927401581,0.0151102927401581,0.0,0.0,0.0,4294249.332006713
2024-02-09,4241951.753543915,4218261.810038084,4397486.737832485,4241951.753543915,4241951.753543915,0.0,0.0,0.0,0.0,0.0,0.0,0.0,0.0,0.0,0.0,0.0,0.0,0.0,0.0,0.0,0.0,0.0,0.0,0.0,0.0,0.0,0.0,0.0,0.0,0.0,0.0,0.0,0.0,0.0,0.0,0.0,0.0,0.0,0.0146187388733109,0.0146187388733109,0.0146187388733109,-4.983770821910847e-06,-4.983770821910847e-06,-4.983770821910847e-06,0.0146237226441328,0.0146237226441328,0.0146237226441328,0.0,0.0,0.0,4303963.738542157
2024-02-10,4253435.775507072,4232455.039267152,4401445.960060914,4253435.775507072,4253435.775507072,0.0,0.0,0.0,0.0,0.0,0.0,0.0,0.0,0.0,0.0,0.0,0.0,0.0,0.0,0.0,0.0,0.0,0.0,0.0,0.0,0.0,0.0,0.0,0.0,0.0,0.0,0.0,0.0,0.0,0.0,0.0,0.0,0.0,0.0147276629552491,0.0147276629552491,0.0147276629552491,0.0006527986307437,0.0006527986307437,0.0006527986307437,0.0140748643245053,0.0140748643245053,0.0140748643245053,0.0,0.0,0.0,4316078.944010539
2024-02-11,4264919.797470229,4240441.020206953,4413179.164022565,4264919.797470229,4264919.797470229,0.0,0.0,0.0,0.0,0.0,0.0,0.0,0.0,0.0,0.0,0.0,0.0,0.0,0.0,0.0,0.0,0.0,0.0,0.0,0.0,0.0,0.0,0.0,0.0,0.0,0.0,0.0,0.0,0.0,0.0,0.0,0.0,0.0,0.0147639689983162,0.0147639689983162,0.0147639689983162,0.0012943274964938,0.0012943274964938,0.0012943274964938,0.0134696415018223,0.0134696415018223,0.0134696415018223,0.0,0.0,0.0,4327886.941140384
2024-02-12,4276403.8194333855,4232958.106332103,4420616.177536886,4276403.8194333855,4276403.8194333855,0.0,0.0,0.0,0.0,0.0,0.0,0.0,0.0,0.0,0.0,0.0,0.0,0.0,0.0,0.0,0.0,0.0,0.0,0.0,0.0,0.0,0.0,0.0,0.0,0.0,0.0,0.0,0.0,0.0,0.0,0.0,0.0,0.0,0.0121157297274595,0.0121157297274595,0.0121157297274595,-0.0006993391191657,-0.0006993391191657,-0.0006993391191657,0.0128150688466252,0.0128150688466252,0.0128150688466252,0.0,0.0,0.0,4328215.572315116
2024-02-13,4287887.841396542,4242313.761993876,4419708.6193911,4287887.841396542,4287887.841396542,0.0,0.0,0.0,0.0,0.0,0.0,0.0,0.0,0.0,0.0,0.0,0.0,0.0,0.0,0.0,0.0,0.0,0.0,0.0,0.0,0.0,0.0,0.0,0.0,0.0,0.0,0.0,0.0,0.0,0.0,0.0,0.0,0.0,0.0111862515535711,0.0111862515535711,0.0111862515535711,-0.0009328826298016,-0.0009328826298016,-0.0009328826298016,0.0121191341833727,0.0121191341833727,0.0121191341833727,0.0,0.0,0.0,4335853.233423904
2024-02-14,4299371.8633597,4251931.10801835,4437193.585826589,4299371.8633597,4299371.8633597,0.0,0.0,0.0,0.0,0.0,0.0,0.0,0.0,0.0,0.0,0.0,0.0,0.0,0.0,0.0,0.0,0.0,0.0,0.0,0.0,0.0,0.0,0.0,0.0,0.0,0.0,0.0,0.0,0.0,0.0,0.0,0.0,0.0,0.0111143017218984,0.0111143017218984,0.0111143017218984,-0.0002763532964432,-0.0002763532964432,-0.0002763532964432,0.0113906550183416,0.0113906550183416,0.0113906550183416,0.0,0.0,0.0,4347156.37946372
2024-02-15,4310855.885322857,4267788.489936911,4445543.539334568,4310855.885322857,4310855.885322857,0.0,0.0,0.0,0.0,0.0,0.0,0.0,0.0,0.0,0.0,0.0,0.0,0.0,0.0,0.0,0.0,0.0,0.0,0.0,0.0,0.0,0.0,0.0,0.0,0.0,0.0,0.0,0.0,0.0,0.0,0.0,0.0,0.0,0.0106055455677599,0.0106055455677599,0.0106055455677599,-3.356731100113094e-05,-3.356731100113094e-05,-3.356731100113094e-05,0.010639112878761,0.010639112878761,0.010639112878761,0.0,0.0,0.0,4356574.863850695
2024-02-16,4322339.9072860135,4275490.038536585,4452721.466826291,4322339.9072860135,4322339.9072860135,0.0,0.0,0.0,0.0,0.0,0.0,0.0,0.0,0.0,0.0,0.0,0.0,0.0,0.0,0.0,0.0,0.0,0.0,0.0,0.0,0.0,0.0,0.0,0.0,0.0,0.0,0.0,0.0,0.0,0.0,0.0,0.0,0.0,0.0098694858428949,0.0098694858428949,0.0098694858428949,-4.983770822702857e-06,-4.983770822702857e-06,-4.983770822702857e-06,0.0098744696137176,0.0098744696137176,0.0098744696137176,0.0,0.0,0.0,4364999.179809152
2024-02-17,4333823.92924917,4287339.906995219,4468424.404461119,4333823.92924917,4333823.92924917,0.0,0.0,0.0,0.0,0.0,0.0,0.0,0.0,0.0,0.0,0.0,0.0,0.0,0.0,0.0,0.0,0.0,0.0,0.0,0.0,0.0,0.0,0.0,0.0,0.0,0.0,0.0,0.0,0.0,0.0,0.0,0.0,0.0,0.0097597689863251,0.0097597689863251,0.0097597689863251,0.0006527986307443,0.0006527986307443,0.0006527986307443,0.0091069703555807,0.0091069703555807,0.0091069703555807,0.0,0.0,0.0,4376121.04962605
2024-02-18,4345299.781417844,4295952.02788576,4480180.0465203365,4345299.781417844,4345299.781417844,0.0,0.0,0.0,0.0,0.0,0.0,0.0,0.0,0.0,0.0,0.0,0.0,0.0,0.0,0.0,0.0,0.0,0.0,0.0,0.0,0.0,0.0,0.0,0.0,0.0,0.0,0.0,0.0,0.0,0.0,0.0,0.0,0.0,0.0096412657531389,0.0096412657531389,0.0096412657531389,0.0012943274964932,0.0012943274964932,0.0012943274964932,0.0083469382566457,0.0083469382566457,0.0083469382566457,0.0,0.0,0.0,4387193.97138755
2024-02-19,4356775.633586518,4291070.173780126,4476418.842725208,4356775.633586518,4356775.633586518,0.0,0.0,0.0,0.0,0.0,0.0,0.0,0.0,0.0,0.0,0.0,0.0,0.0,0.0,0.0,0.0,0.0,0.0,0.0,0.0,0.0,0.0,0.0,0.0,0.0,0.0,0.0,0.0,0.0,0.0,0.0,0.0,0.0,0.0069052272671045,0.0069052272671045,0.0069052272671045,-0.0006993391191673,-0.0006993391191673,-0.0006993391191673,0.0076045663862718,0.0076045663862718,0.0076045663862718,0.0,0.0,0.0,4386860.159488216
2024-02-20,4368251.485755192,4310773.44646813,4489640.824134205,4368251.485755192,4368251.485755192,0.0,0.0,0.0,0.0,0.0,0.0,0.0,0.0,0.0,0.0,0.0,0.0,0.0,0.0,0.0,0.0,0.0,0.0,0.0,0.0,0.0,0.0,0.0,0.0,0.0,0.0,0.0,0.0,0.0,0.0,0.0,0.0,0.0,0.0059568296599341,0.0059568296599341,0.0059568296599341,-0.0009328826298034,-0.0009328826298034,-0.0009328826298034,0.0068897122897375,0.0068897122897375,0.0068897122897375,0.0,0.0,0.0,4394272.415767591
2024-02-21,4379727.337923867,4315939.661519101,4493132.276533834,4379727.337923867,4379727.337923867,0.0,0.0,0.0,0.0,0.0,0.0,0.0,0.0,0.0,0.0,0.0,0.0,0.0,0.0,0.0,0.0,0.0,0.0,0.0,0.0,0.0,0.0,0.0,0.0,0.0,0.0,0.0,0.0,0.0,0.0,0.0,0.0,0.0,0.0059353473705893,0.0059353473705893,0.0059353473705893,-0.0002763532964438,-0.0002763532964438,-0.0002763532964438,0.0062117006670331,0.0062117006670331,0.0062117006670331,0.0,0.0,0.0,4405722.541062912
2024-02-22,4391203.19009254,4323846.673442412,4500214.679423562,4391203.19009254,4391203.19009254,0.0,0.0,0.0,0.0,0.0,0.0,0.0,0.0,0.0,0.0,0.0,0.0,0.0,0.0,0.0,0.0,0.0,0.0,0.0,0.0,0.0,0.0,0.0,0.0,0.0,0.0,0.0,0.0,0.0,0.0,0.0,0.0,0.0,0.0055455721170949,0.0055455721170949,0.0055455721170949,-3.356731100006475e-05,-3.356731100006475e-05,-3.356731100006475e-05,0.005579139428095,0.005579139428095,0.005579139428095,0.0,0.0,0.0,4415554.924064016
2024-02-23,4402679.042261215,4334012.430485273,4515337.369778754,4402679.042261215,4402679.042261215,0.0,0.0,0.0,0.0,0.0,0.0,0.0,0.0,0.0,0.0,0.0,0.0,0.0,0.0,0.0,0.0,0.0,0.0,0.0,0.0,0.0,0.0,0.0,0.0,0.0,0.0,0.0,0.0,0.0,0.0,0.0,0.0,0.0,0.0049947702545859,0.0049947702545859,0.0049947702545859,-4.983770820574324e-06,-4.983770820574324e-06,-4.983770820574324e-06,0.0049997540254065,0.0049997540254065,0.0049997540254065,0.0,0.0,0.0,4424669.412581991
2024-02-24,4414154.894429889,4350532.548309463,4520075.936669412,4414154.894429889,4414154.894429889,0.0,0.0,0.0,0.0,0.0,0.0,0.0,0.0,0.0,0.0,0.0,0.0,0.0,0.0,0.0,0.0,0.0,0.0,0.0,0.0,0.0,0.0,0.0,0.0,0.0,0.0,0.0,0.0,0.0,0.0,0.0,0.0,0.0,0.0051330430959255,0.0051330430959255,0.0051330430959255,0.0006527986307449,0.0006527986307449,0.0006527986307449,0.0044802444651806,0.0044802444651806,0.0044802444651806,0.0,0.0,0.0,4436812.941735088
2024-02-25,4425630.746598562,4362198.289936332,4538085.405957452,4425630.746598562,4425630.746598562,0.0,0.0,0.0,0.0,0.0,0.0,0.0,0.0,0.0,0.0,0.0,0.0,0.0,0.0,0.0,0.0,0.0,0.0,0.0,0.0,0.0,0.0,0.0,0.0,0.0,0.0,0.0,0.0,0.0,0.0,0.0,0.0,0.0,0.0053204962648162,0.0053204962648162,0.0053204962648162,0.0012943274964962,0.0012943274964962,0.0012943274964962,0.0040261687683199,0.0040261687683199,0.0040261687683199,0.0,0.0,0.0,4449177.298455296
2024-02-26,4437106.598767237,4363688.962936764,4536646.050535089,4437106.598767237,4437106.598767237,0.0,0.0,0.0,0.0,0.0,0.0,0.0,0.0,0.0,0.0,0.0,0.0,0.0,0.0,0.0,0.0,0.0,0.0,0.0,0.0,0.0,0.0,0.0,0.0,0.0,0.0,0.0,0.0,0.0,0.0,0.0,0.0,0.0,0.0029425167908367,0.0029425167908367,0.0029425167908367,-0.0006993391191683,-0.0006993391191683,-0.0006993391191683,0.003641855910005,0.003641855910005,0.003641855910005,0.0,0.0,0.0,4450162.859436842
2024-02-27,4448582.450935911,4370842.3630581,4547789.679961696,4448582.450935911,4448582.450935911,0.0,0.0,0.0,0.0,0.0,0.0,0.0,0.0,0.0,0.0,0.0,0.0,0.0,0.0,0.0,0.0,0.0,0.0,0.0,0.0,0.0,0.0,0.0,0.0,0.0,0.0,0.0,0.0,0.0,0.0,0.0,0.0,0.0,0.0023974678035454,0.0023974678035454,0.0023974678035454,-0.0009328826298021,-0.0009328826298021,-0.0009328826298021,0.0033303504333475,0.0033303504333475,0.0033303504333475,0.0,0.0,0.0,4459247.784133447
2024-02-28,4460058.303104585,4384511.805004527,4557445.7780512525,4460058.303104585,4460058.303104585,0.0,0.0,0.0,0.0,0.0,0.0,0.0,0.0,0.0,0.0,0.0,0.0,0.0,0.0,0.0,0.0,0.0,0.0,0.0,0.0,0.0,0.0,0.0,0.0,0.0,0.0,0.0,0.0,0.0,0.0,0.0,0.0,0.0,0.0028170367357814,0.0028170367357814,0.0028170367357814,-0.0002763532964446,-0.0002763532964446,-0.0002763532964446,0.0030933900322261,0.0030933900322261,0.0030933900322261,0.0,0.0,0.0,4472622.451188157
2024-02-29,4471534.155273259,4397721.062536918,4571798.097628265,4471534.155273259,4471534.155273259,0.0,0.0,0.0,0.0,0.0,0.0,0.0,0.0,0.0,0.0,0.0,0.0,0.0,0.0,0.0,0.0,0.0,0.0,0.0,0.0,0.0,0.0,0.0,0.0,0.0,0.0,0.0,0.0,0.0,0.0,0.0,0.0,0.0,0.002897849146534,0.002897849146534,0.002897849146534,-3.356731100070672e-05,-3.356731100070672e-05,-3.356731100070672e-05,0.0029314164575348,0.0029314164575348,0.0029314164575348,0.0,0.0,0.0,4484491.986708815
2024-03-01,4483010.007441933,4411330.88900755,4588031.16469018,4483010.007441933,4483010.007441933,0.0,0.0,0.0,0.0,0.0,0.0,0.0,0.0,0.0,0.0,0.0,0.0,0.0,0.0,0.0,0.0,0.0,0.0,0.0,0.0,0.0,0.0,0.0,0.0,0.0,0.0,0.0,0.0,0.0,0.0,0.0,0.0,0.0,0.0028386353763667,0.0028386353763667,0.0028386353763667,-4.983770821366469e-06,-4.983770821366469e-06,-4.983770821366469e-06,0.0028436191471881,0.0028436191471881,0.0028436191471881,0.0,0.0,0.0,4495735.6382416645
2024-03-02,4494485.859610608,4418328.720381362,4596167.516663536,4494485.859610608,4494485.859610608,0.0,0.0,0.0,0.0,0.0,0.0,0.0,0.0,0.0,0.0,0.0,0.0,0.0,0.0,0.0,0.0,0.0,0.0,0.0,0.0,0.0,0.0,0.0,0.0,0.0,0.0,0.0,0.0,0.0,0.0,0.0,0.0,0.0,0.0034808086721385,0.0034808086721385,0.0034808086721385,0.0006527986307411,0.0006527986307411,0.0006527986307411,0.0028280100413974,0.0028280100413974,0.0028280100413974,0.0,0.0,0.0,4510130.304967544
2024-03-03,4505961.7117792815,4440669.488678857,4614914.638700745,4505961.7117792815,4505961.7117792815,0.0,0.0,0.0,0.0,0.0,0.0,0.0,0.0,0.0,0.0,0.0,0.0,0.0,0.0,0.0,0.0,0.0,0.0,0.0,0.0,0.0,0.0,0.0,0.0,0.0,0.0,0.0,0.0,0.0,0.0,0.0,0.0,0.0,0.004175854645505,0.004175854645505,0.004175854645505,0.0012943274964956,0.0012943274964956,0.0012943274964956,0.0028815271490093,0.0028815271490093,0.0028815271490093,0.0,0.0,0.0,4524777.952925883
2024-03-04,4517437.563947956,4443259.995817736,4616591.4351250185,4517437.563947956,4517437.563947956,0.0,0.0,0.0,0.0,0.0,0.0,0.0,0.0,0.0,0.0,0.0,0.0,0.0,0.0,0.0,0.0,0.0,0.0,0.0,0.0,0.0,0.0,0.0,0.0,0.0,0.0,0.0,0.0,0.0,0.0,0.0,0.0,0.0,0.0023008244853567,0.0023008244853567,0.0023008244853567,-0.0006993391191699,-0.0006993391191699,-0.0006993391191699,0.0030001636045267,0.0030001636045267,0.0030001636045267,0.0,0.0,0.0,4527831.394906159
2024-03-05,4528913.41611663,4453744.000831257,4624490.446080111,4528913.41611663,4528913.41611663,0.0,0.0,0.0,0.0,0.0,0.0,0.0,0.0,0.0,0.0,0.0,0.0,0.0,0.0,0.0,0.0,0.0,0.0,0.0,0.0,0.0,0.0,0.0,0.0,0.0,0.0,0.0,0.0,0.0,0.0,0.0,0.0,0.0,0.0022462355939282,0.0022462355939282,0.0022462355939282,-0.0009328826298033,-0.0009328826298033,-0.0009328826298033,0.0031791182237315,0.0031791182237315,0.0031791182237315,0.0,0.0,0.0,4539086.42263373
2024-03-06,4540389.268285303,4463094.0597209,4641623.720871782,4540389.268285303,4540389.268285303,0.0,0.0,0.0,0.0,0.0,0.0,0.0,0.0,0.0,0.0,0.0,0.0,0.0,0.0,0.0,0.0,0.0,0.0,0.0,0.0,0.0,0.0,0.0,0.0,0.0,0.0,0.0,0.0,0.0,0.0,0.0,0.0,0.0,0.0031366096541491,0.0031366096541491,0.0031366096541491,-0.000276353296442,-0.000276353296442,-0.000276353296442,0.0034129629505911,0.0034129629505911,0.0034129629505911,0.0,0.0,0.0,4554630.697097803
2024-03-07,4551865.120453978,4479704.938199419,4664907.546006376,4551865.120453978,4551865.120453978,0.0,0.0,0.0,0.0,0.0,0.0,0.0,0.0,0.0,0.0,0.0,0.0,0.0,0.0,0.0,0.0,0.0,0.0,0.0,0.0,0.0,0.0,0.0,0.0,0.0,0.0,0.0,0.0,0.0,0.0,0.0,0.0,0.0,0.0036622547970547,0.0036622547970547,0.0036622547970547,-3.356731099995463e-05,-3.356731099995463e-05,-3.356731099995463e-05,0.0036958221080546,0.0036958221080546,0.0036958221080546,0.0,0.0,0.0,4568535.210326906
2024-03-08,4563340.972622653,4491465.931517541,4668215.977853334,4563340.972622653,4563340.972622653,0.0,0.0,0.0,0.0,0.0,0.0,0.0,0.0,0.0,0.0,0.0,0.0,0.0,0.0,0.0,0.0,0.0,0.0,0.0,0.0,0.0,0.0,0.0,0.0,0.0,0.0,0.0,0.0,0.0,0.0,0.0,0.0,0.0,0.004016574264392,0.004016574264392,0.004016574264392,-4.983770820698167e-06,-4.983770820698167e-06,-4.983770820698167e-06,0.0040215580352127,0.0040215580352127,0.0040215580352127,0.0,0.0,0.0,4581669.970532934
2024-03-09,4574816.824791326,4506453.408418206,4686675.366609842,4574816.824791326,4574816.824791326,0.0,0.0,0.0,0.0,0.0,0.0,0.0,0.0,0.0,0.0,0.0,0.0,0.0,0.0,0.0,0.0,0.0,0.0,0.0,0.0,0.0,0.0,0.0,0.0,0.0,0.0,0.0,0.0,0.0,0.0,0.0,0.0,0.0,0.0050367561542417,0.0050367561542417,0.0050367561542417,0.0006527986307426,0.0006527986307426,0.0006527986307426,0.0043839575234991,0.0043839575234991,0.0043839575234991,0.0,0.0,0.0,4597859.0615881225
2024-03-10,4586292.67696,4526361.184587607,4702780.1246895725,4586292.67696,4586292.67696,0.0,0.0,0.0,0.0,0.0,0.0,0.0,0.0,0.0,0.0,0.0,0.0,0.0,0.0,0.0,0.0,0.0,0.0,0.0,0.0,0.0,0.0,0.0,0.0,0.0,0.0,0.0,0.0,0.0,0.0,0.0,0.0,0.0,0.0060712409572699,0.0060712409572699,0.0060712409572699,0.0012943274964948,0.0012943274964948,0.0012943274964948,0.0047769134607751,0.0047769134607751,0.0047769134607751,0.0,0.0,0.0,4614137.164902387
2024-03-11,4597768.529128674,4525196.2171947295,4715763.704476947,4597768.529128674,4597768.529128674,0.0,0.0,0.0,0.0,0.0,0.0,0.0,0.0,0.0,0.0,0.0,0.0,0.0,0.0,0.0,0.0,0.0,0.0,0.0,0.0,0.0,0.0,0.0,0.0,0.0,0.0,0.0,0.0,0.0,0.0,0.0,0.0,0.0,0.0044952571358682,0.0044952571358682,0.0044952571358682,-0.0006993391191709,-0.0006993391191709,-0.0006993391191709,0.0051945962550391,0.0051945962550391,0.0051945962550391,0.0,0.0,0.0,4618436.680918311
2024-03-12,4609244.381297349,4541012.372406399,4718603.2295356495,4609244.381297349,4609244.381297349,0.0,0.0,0.0,0.0,0.0,0.0,0.0,0.0,0.0,0.0,0.0,0.0,0.0,0.0,0.0,0.0,0.0,0.0,0.0,0.0,0.0,0.0,0.0,0.0,0.0,0.0,0.0,0.0,0.0,0.0,0.0,0.0,0.0,0.0046987273050867,0.0046987273050867,0.0046987273050867,-0.000932882629802,-0.000932882629802,-0.000932882629802,0.0056316099348888,0.0056316099348888,0.0056316099348888,0.0,0.0,0.0,4630901.963727568
2024-03-13,4620720.233466023,4564677.373895672,4743550.019929007,4620720.233466023,4620720.233466023,0.0,0.0,0.0,0.0,0.0,0.0,0.0,0.0,0.0,0.0,0.0,0.0,0.0,0.0,0.0,0.0,0.0,0.0,0.0,0.0,0.0,0.0,0.0,0.0,0.0,0.0,0.0,0.0,0.0,0.0,0.0,0.0,0.0,0.0058067750062912,0.0058067750062912,0.0058067750062912,-0.0002763532964426,-0.0002763532964426,-0.0002763532964426,0.0060831283027339,0.0060831283027339,0.0060831283027339,0.0,0.0,0.0,4647551.716228778
2024-03-14,4632196.085634696,4575335.311792542,4752093.670308168,4632196.085634696,4632196.085634696,0.0,0.0,0.0,0.0,0.0,0.0,0.0,0.0,0.0,0.0,0.0,0.0,0.0,0.0,0.0,0.0,0.0,0.0,0.0,0.0,0.0,0.0,0.0,0.0,0.0,0.0,0.0,0.0,0.0,0.0,0.0,0.0,0.0,0.006511439824377,0.006511439824377,0.006511439824377,-3.35673110005966e-05,-3.35673110005966e-05,-3.35673110005966e-05,0.0065450071353776,0.0065450071353776,0.0065450071353776,0.0,0.0,0.0,4662358.351701021
2024-03-15,4643671.937803371,4587647.760454618,4764322.188291318,4643671.937803371,4643671.937803371,0.0,0.0,0.0,0.0,0.0,0.0,0.0,0.0,0.0,0.0,0.0,0.0,0.0,0.0,0.0,0.0,0.0,0.0,0.0,0.0,0.0,0.0,0.0,0.0,0.0,0.0,0.0,0.0,0.0,0.0,0.0,0.0,0.0,0.0070088853961935,0.0070088853961935,0.0070088853961935,-4.983770821490312e-06,-4.983770821490312e-06,-4.983770821490312e-06,0.007013869167015,0.007013869167015,0.007013869167015,0.0,0.0,0.0,4676218.902232955
2024-03-16,4655147.7899720445,4605540.100004656,4778713.123535736,4655147.7899720445,4655147.7899720445,0.0,0.0,0.0,0.0,0.0,0.0,0.0,0.0,0.0,0.0,0.0,0.0,0.0,0.0,0.0,0.0,0.0,0.0,0.0,0.0,0.0,0.0,0.0,0.0,0.0,0.0,0.0,0.0,0.0,0.0,0.0,0.0,0.0,0.0081399580612356,0.0081399580612356,0.0081399580612356,0.0006527986307423,0.0006527986307423,0.0006527986307423,0.0074871594304933,0.0074871594304933,0.0074871594304933,0.0,0.0,0.0,4693040.49775127
2024-03-17,4666623.642140719,4616565.965559372,4795691.3369535385,4666623.642140719,4666623.642140719,0.0,0.0,0.0,0.0,0.0,0.0,0.0,0.0,0.0,0.0,0.0,0.0,0.0,0.0,0.0,0.0,0.0,0.0,0.0,0.0,0.0,0.0,0.0,0.0,0.0,0.0,0.0,0.0,0.0,0.0,0.0,0.0,0.0,0.0092574969453742,0.0092574969453742,0.0092574969453742,0.0012943274964944,0.0012943274964944,0.0012943274964944,0.0079631694488798,0.0079631694488798,0.0079631694488798,0.0,0.0,0.0,4709824.896253048
2024-03-18,4678099.494309394,4623915.780448747,4805930.949452496,4678099.494309394,4678099.494309394,0.0,0.0,0.0,0.0,0.0,0.0,0.0,0.0,0.0,0.0,0.0,0.0,0.0,0.0,0.0,0.0,0.0,0.0,0.0,0.0,0.0,0.0,0.0,0.0,0.0,0.0,0.0,0.0,0.0,0.0,0.0,0.0,0.0,0.0077416906149734,0.0077416906149734,0.0077416906149734,-0.0006993391191656,-0.0006993391191656,-0.0006993391191656,0.008441029734139,0.008441029734139,0.008441029734139,0.0,0.0,0.0,4714315.893260401
2024-03-19,4689575.346706626,4641703.857228708,4819400.813098505,4689575.346706626,4689575.346706626,0.0,0.0,0.0,0.0,0.0,0.0,0.0,0.0,0.0,0.0,0.0,0.0,0.0,0.0,0.0,0.0,0.0,0.0,0.0,0.0,0.0,0.0,0.0,0.0,0.0,0.0,0.0,0.0,0.0,0.0,0.0,0.0,0.0,0.0079877884044792,0.0079877884044792,0.0079877884044792,-0.0009328826298019,-0.0009328826298019,-0.0009328826298019,0.0089206710342812,0.0089206710342812,0.0089206710342812,0.0,0.0,0.0,4727034.6822829805
2024-03-20,4701051.199103859,4657378.90172057,4827626.988562031,4701051.199103859,4701051.199103859,0.0,0.0,0.0,0.0,0.0,0.0,0.0,0.0,0.0,0.0,0.0,0.0,0.0,0.0,0.0,0.0,0.0,0.0,0.0,0.0,0.0,0.0,0.0,0.0,0.0,0.0,0.0,0.0,0.0,0.0,0.0,0.0,0.0,0.0091264024488229,0.0091264024488229,0.0091264024488229,-0.0002763532964433,-0.0002763532964433,-0.0002763532964433,0.0094027557452662,0.0094027557452662,0.0094027557452662,0.0,0.0,0.0,4743954.884279403
2024-03-21,4712527.0515010925,4671943.756664147,4846167.449510289,4712527.0515010925,4712527.0515010925,0.0,0.0,0.0,0.0,0.0,0.0,0.0,0.0,0.0,0.0,0.0,0.0,0.0,0.0,0.0,0.0,0.0,0.0,0.0,0.0,0.0,0.0,0.0,0.0,0.0,0.0,0.0,0.0,0.0,0.0,0.0,0.0,0.0,0.0098550145291214,0.0098550145291214,0.0098550145291214,-3.356731099953041e-05,-3.356731099953041e-05,-3.356731099953041e-05,0.009888581840121,0.009888581840121,0.009888581840121,0.0,0.0,0.0,4758969.074062513
2024-03-22,4724002.903898325,4682840.257655324,4861704.724976292,4724002.903898325,4724002.903898325,0.0,0.0,0.0,0.0,0.0,0.0,0.0,0.0,0.0,0.0,0.0,0.0,0.0,0.0,0.0,0.0,0.0,0.0,0.0,0.0,0.0,0.0,0.0,0.0,0.0,0.0,0.0,0.0,0.0,0.0,0.0,0.0,0.0,0.0103749787659343,0.0103749787659343,0.0103749787659343,-4.98377082082201e-06,-4.98377082082201e-06,-4.98377082082201e-06,0.0103799625367551,0.0103799625367551,0.0103799625367551,0.0,0.0,0.0,4773014.333716483
2024-03-23,4735478.756295559,4700156.588147344,4875734.352844302,4735478.756295559,4735478.756295559,0.0,0.0,0.0,0.0,0.0,0.0,0.0,0.0,0.0,0.0,0.0,0.0,0.0,0.0,0.0,0.0,0.0,0.0,0.0,0.0,0.0,0.0,0.0,0.0,0.0,0.0,0.0,0.0,0.0,0.0,0.0,0.0,0.0,0.0115318843322983,0.0115318843322983,0.0115318843322983,0.0006527986307394,0.0006527986307394,0.0006527986307394,0.0108790857015589,0.0108790857015589,0.0108790857015589,0.0,0.0,0.0,4790087.749571214
2024-03-24,4746954.608692791,4719540.031446608,4899202.992569788,4746954.608692791,4746954.608692791,0.0,0.0,0.0,0.0,0.0,0.0,0.0,0.0,0.0,0.0,0.0,0.0,0.0,0.0,0.0,0.0,0.0,0.0,0.0,0.0,0.0,0.0,0.0,0.0,0.0,0.0,0.0,0.0,0.0,0.0,0.0,0.0,0.0,0.0126826851406556,0.0126826851406556,0.0126826851406556,0.0012943274964936,0.0012943274964936,0.0012943274964936,0.011388357644162,0.011388357644162,0.011388357644162,0.0,0.0,0.0,4807158.739371826
2024-03-25,4758430.461090024,4728041.806200378,4899214.333000889,4758430.461090024,4758430.461090024,0.0,0.0,0.0,0.0,0.0,0.0,0.0,0.0,0.0,0.0,0.0,0.0,0.0,0.0,0.0,0.0,0.0,0.0,0.0,0.0,0.0,0.0,0.0,0.0,0.0,0.0,0.0,0.0,0.0,0.0,0.0,0.0,0.0,0.0112108973602421,0.0112108973602421,0.0112108973602421,-0.0006993391191666,-0.0006993391191666,-0.0006993391191666,0.0119102364794088,0.0119102364794088,0.0119102364794088,0.0,0.0,0.0,4811776.736585154
2024-03-26,4769906.313487258,4733553.039728359,4908546.453922197,4769906.313487258,4769906.313487258,0.0,0.0,0.0,0.0,0.0,0.0,0.0,0.0,0.0,0.0,0.0,0.0,0.0,0.0,0.0,0.0,0.0,0.0,0.0,0.0,0.0,0.0,0.0,0.0,0.0,0.0,0.0,0.0,0.0,0.0,0.0,0.0,0.0,0.0115141779693928,0.0115141779693928,0.0115141779693928,-0.0009328826298007,-0.0009328826298007,-0.0009328826298007,0.0124470605991935,0.0124470605991935,0.0124470605991935,0.0,0.0,0.0,4824827.86367808
2024-03-27,4781382.16588449,4755375.3105202,4926800.413365686,4781382.16588449,4781382.16588449,0.0,0.0,0.0,0.0,0.0,0.0,0.0,0.0,0.0,0.0,0.0,0.0,0.0,0.0,0.0,0.0,0.0,0.0,0.0,0.0,0.0,0.0,0.0,0.0,0.0,0.0,0.0,0.0,0.0,0.0,0.0,0.0,0.0,0.012724524700886,0.012724524700886,0.012724524700886,-0.0002763532964423,-0.0002763532964423,-0.0002763532964423,0.0130008779973283,0.0130008779973283,0.0130008779973283,0.0,0.0,0.0,4842222.981358663
2024-03-28,4792858.018281724,4768292.706021781,4944912.538402215,4792858.018281724,4792858.018281724,0.0,0.0,0.0,0.0,0.0,0.0,0.0,0.0,0.0,0.0,0.0,0.0,0.0,0.0,0.0,0.0,0.0,0.0,0.0,0.0,0.0,0.0,0.0,0.0,0.0,0.0,0.0,0.0,0.0,0.0,0.0,0.0,0.0,0.0135397149070576,0.0135397149070576,0.0135397149070576,-3.356731100188054e-05,-3.356731100188054e-05,-3.356731100188054e-05,0.0135732822180595,0.0135732822180595,0.0135732822180595,0.0,0.0,0.0,4857751.949439265
2024-03-29,4804333.870678957,4797249.3077741,4980492.125314714,4804333.870678957,4804333.870678957,0.0,0.0,0.0,0.0,0.0,0.0,0.0,0.0,0.0,0.0,0.0,0.0,0.0,0.0,0.0,0.0043866938,0.0043866938,0.0043866938,0.0,0.0,0.0,0.0,0.0,0.0,0.0,0.0,0.0,0.0,0.0,0.0,0.0043866938,0.0043866938,0.0043866938,0.0185469705803615,0.0185469705803615,0.0185469705803615,-4.983770822003194e-06,-4.983770822003194e-06,-4.983770822003194e-06,0.0141652605511835,0.0141652605511835,0.0141652605511835,0.0,0.0,0.0,4893439.709636674
2024-03-30,4815809.723076189,4801070.585103834,4977361.107232378,4815809.723076189,4815809.723076189,0.0,0.0,0.0,0.0,0.0,0.0,0.0,0.0,0.0,0.0,0.0,0.0,0.0,0.0,0.0,0.0,0.0,0.0,0.0,0.0,0.0,0.0,0.0,0.0,0.0,0.0,0.0,0.0,0.0,0.0,0.0,0.0,0.0,0.015429858407894,0.015429858407894,0.015429858407894,0.000652798630739,0.000652798630739,0.000652798630739,0.0147770597771549,0.0147770597771549,0.0147770597771549,0.0,0.0,0.0,4890116.985222613
2024-03-31,4827285.575473423,4819022.373508765,4992963.205204773,4827285.575473423,4827285.575473423,0.0,0.0,0.0,0.0,0.0,0.0,0.0,0.0,0.0,0.0,0.0,0.0,0.0,0.0,0.0,0.0,0.0,0.0,0.0,0.0,0.0,0.0,0.0,0.0,0.0,0.0,0.0,0.0,0.0,0.0,0.0,0.0,0.0,0.0167024017789471,0.0167024017789471,0.0167024017789471,0.0012943274964927,0.0012943274964927,0.0012943274964927,0.0154080742824544,0.0154080742824544,0.0154080742824544,0.0,0.0,0.0,4907912.8386566965
2024-04-01,4838761.427870655,4824037.874774106,5004985.480413963,4838761.427870655,4838761.427870655,0.0,0.0,0.0,0.0,0.0,0.0,0.0,0.0,0.0,0.0,0.0,0.0,0.0,0.0,0.0,0.0,0.0,0.0,0.0,0.0,0.0,0.0,0.0,0.0,0.0,0.0,0.0,0.0,0.0,0.0,0.0,0.0,0.0,0.0153574216127648,0.0153574216127648,0.0153574216127648,-0.0006993391191682,-0.0006993391191682,-0.0006993391191682,0.016056760731933,0.016056760731933,0.016056760731933,0.0,0.0,0.0,4913072.327202049
2024-04-02,4850237.280267888,4841020.261955097,5016449.627046954,4850237.280267888,4850237.280267888,0.0,0.0,0.0,0.0,0.0,0.0,0.0,0.0,0.0,0.0,0.0,0.0,0.0,0.0,0.0,0.0,0.0,0.0,0.0,0.0,0.0,0.0,0.0,0.0,0.0,0.0,0.0,0.0,0.0,0.0,0.0,0.0,0.0,0.0157877000889869,0.0157877000889869,0.0157877000889869,-0.0009328826298036,-0.0009328826298036,-0.0009328826298036,0.0167205827187906,0.0167205827187906,0.0167205827187906,0.0,0.0,0.0,4926811.371809181
2024-04-03,4861713.132665122,4856840.687721092,5031810.841828475,4861713.132665122,4861713.132665122,0.0,0.0,0.0,0.0,0.0,0.0,0.0,0.0,0.0,0.0,0.0,0.0,0.0,0.0,0.0,0.0,0.0,0.0,0.0,0.0,0.0,0.0,0.0,0.0,0.0,0.0,0.0,0.0,0.0,0.0,0.0,0.0,0.0,0.0171196346393724,0.0171196346393724,0.0171196346393724,-0.0002763532964463,-0.0002763532964463,-0.0002763532964463,0.0173959879358188,0.0173959879358188,0.0173959879358188,0.0,0.0,0.0,4944943.885217788
2024-04-04,4873188.985062354,4874129.198250855,5054523.818672005,4873188.985062354,4873188.985062354,0.0,0.0,0.0,0.0,0.0,0.0,0.0,0.0,0.0,0.0,0.0,0.0,0.0,0.0,0.0,0.0,0.0,0.0,0.0,0.0,0.0,0.0,0.0,0.0,0.0,0.0,0.0,0.0,0.0,0.0,0.0,0.0,0.0,0.018044852137951,0.018044852137951,0.018044852137951,-3.356731100081435e-05,-3.356731100081435e-05,-3.356731100081435e-05,0.0180784194489518,0.0180784194489518,0.0180784194489518,0.0,0.0,0.0,4961124.959738096
2024-04-05,4884664.837459588,4892052.456801105,5064357.086114177,4884664.837459588,4884664.837459588,0.0,0.0,0.0,0.0,0.0,0.0,0.0,0.0,0.0,0.0,0.0,0.0,0.0,0.0,0.0,0.0,0.0,0.0,0.0,0.0,0.0,0.0,0.0,0.0,0.0,0.0,0.0,0.0,0.0,0.0,0.0,0.0,0.0,0.0187573778629952,0.0187573778629952,0.0187573778629952,-4.983770821334919e-06,-4.983770821334919e-06,-4.983770821334919e-06,0.0187623616338165,0.0187623616338165,0.0187623616338165,0.0,0.0,0.0,4976288.341549904
2024-04-06,4896140.689856821,4904380.954298656,5085398.657940346,4896140.689856821,4896140.689856821,0.0,0.0,0.0,0.0,0.0,0.0,0.0,0.0,0.0,0.0,0.0,0.0,0.0,0.0,0.0,0.0,0.0,0.0,0.0,0.0,0.0,0.0,0.0,0.0,0.0,0.0,0.0,0.0,0.0,0.0,0.0,0.0,0.0,0.0200942189183256,0.0200942189183256,0.0200942189183256,0.0006527986307406,0.0006527986307406,0.0006527986307406,0.019441420287585,0.019441420287585,0.019441420287585,0.0,0.0,0.0,4994524.812733727
2024-04-07,4907616.542254055,4922633.8701844765,5099991.167269832,4907616.542254055,4907616.542254055,0.0,0.0,0.0,0.0,0.0,0.0,0.0,0.0,0.0,0.0,0.0,0.0,0.0,0.0,0.0,0.0,0.0,0.0,0.0,0.0,0.0,0.0,0.0,0.0,0.0,0.0,0.0,0.0,0.0,0.0,0.0,0.0,0.0,0.0214027628794169,0.0214027628794169,0.0214027628794169,0.0012943274964921,0.0012943274964921,0.0012943274964921,0.0201084353829247,0.0201084353829247,0.0201084353829247,0.0,0.0,0.0,5012653.095411022
2024-04-08,4919092.394651287,4924204.028065804,5103926.131998745,4919092.394651287,4919092.394651287,0.0,0.0,0.0,0.0,0.0,0.0,0.0,0.0,0.0,0.0,0.0,0.0,0.0,0.0,0.0,0.0,0.0,0.0,0.0,0.0,0.0,0.0,0.0,0.0,0.0,0.0,0.0,0.0,0.0,0.0,0.0,0.0,0.0,0.0200562847997665,0.0200562847997665,0.0200562847997665,-0.0006993391191687,-0.0006993391191687,-0.0006993391191687,0.0207556239189352,0.0207556239189352,0.0207556239189352,0.0,0.0,0.0,5017751.112674779
2024-04-09,4930568.24704852,4942562.00171874,5118306.599268,4930568.24704852,4930568.24704852,0.0,0.0,0.0,0.0,0.0,0.0,0.0,0.0,0.0,0.0,0.0,0.0,0.0,0.0,0.0,0.0,0.0,0.0,0.0,0.0,0.0,0.0,0.0,0.0,0.0,0.0,0.0,0.0,0.0,0.0,0.0,0.0,0.0,0.020441866746197,0.020441866746197,0.020441866746197,-0.0009328826298036,-0.0009328826298036,-0.0009328826298036,0.0213747493760006,0.0213747493760006,0.0213747493760006,0.0,0.0,0.0,5031358.266137715
2024-04-10,4942044.099445754,4961949.8090818105,5139331.229793103,4942044.099445754,4942044.099445754,0.0,0.0,0.0,0.0,0.0,0.0,0.0,0.0,0.0,0.0,0.0,0.0,0.0,0.0,0.0,0.0,0.0,0.0,0.0,0.0,0.0,0.0,0.0,0.0,0.0,0.0,0.0,0.0,0.0,0.0,0.0,0.0,0.0,0.0216809601292712,0.0216809601292712,0.0216809601292712,-0.0002763532964437,-0.0002763532964437,-0.0002763532964437,0.0219573134257149,0.0219573134257149,0.0219573134257149,0.0,0.0,0.0,5049192.360522938
2024-04-11,4953519.951842986,4975739.482318118,5153994.018081702,4953519.951842986,4953519.951842986,0.0,0.0,0.0,0.0,0.0,0.0,0.0,0.0,0.0,0.0,0.0,0.0,0.0,0.0,0.0,0.0,0.0,0.0,0.0,0.0,0.0,0.0,0.0,0.0,0.0,0.0,0.0,0.0,0.0,0.0,0.0,0.0,0.0,0.0224611974984687,0.0224611974984687,0.0224611974984687,-3.356731099974816e-05,-3.356731099974816e-05,-3.356731099974816e-05,0.0224947648094684,0.0224947648094684,0.0224947648094684,0.0,0.0,0.0,5064781.941793937
2024-04-12,4964995.804240218,4990281.357002684,5170483.629781383,4964995.804240218,4964995.804240218,0.0,0.0,0.0,0.0,0.0,0.0,0.0,0.0,0.0,0.0,0.0,0.0,0.0,0.0,0.0,0.0,0.0,0.0,0.0,0.0,0.0,0.0,0.0,0.0,0.0,0.0,0.0,0.0,0.0,0.0,0.0,0.0,0.0,0.0229737359317457,0.0229737359317457,0.0229737359317457,-4.983770820666644e-06,-4.983770820666644e-06,-4.983770820666644e-06,0.0229787197025664,0.0229787197025664,0.0229787197025664,0.0,0.0,0.0,5079060.306749058
2024-04-13,4976471.656637453,4998672.586651838,5180278.136081627,4976471.656637453,4976471.656637453,0.0,0.0,0.0,0.0,0.0,0.0,0.0,0.0,0.0,0.0,0.0,0.0,0.0,0.0,0.0,0.0,0.0,0.0,0.0,0.0,0.0,0.0,0.0,0.0,0.0,0.0,0.0,0.0,0.0,0.0,0.0,0.0,0.0,0.0240539860742676,0.0240539860742676,0.0240539860742676,0.0006527986307411,0.0006527986307411,0.0006527986307411,0.0234011874435264,0.0234011874435264,0.0234011874435264,0.0,0.0,0.0,5096175.636565197
2024-04-14,4987947.509034685,5020854.249064286,5204978.87841511,4987947.509034685,4987947.509034685,0.0,0.0,0.0,0.0,0.0,0.0,0.0,0.0,0.0,0.0,0.0,0.0,0.0,0.0,0.0,0.0,0.0,0.0,0.0,0.0,0.0,0.0,0.0,0.0,0.0,0.0,0.0,0.0,0.0,0.0,0.0,0.0,0.0,0.0250491227409876,0.0250491227409876,0.0250491227409876,0.001294327496495,0.001294327496495,0.001294327496495,0.0237547952444926,0.0237547952444926,0.0237547952444926,0.0,0.0,0.0,5112891.218414099
2024-04-15,4999423.361431919,5025469.212467224,5211756.359588882,4999423.361431919,4999423.361431919,0.0,0.0,0.0,0.0,0.0,0.0,0.0,0.0,0.0,0.0,0.0,0.0,0.0,0.0,0.0,0.0,0.0,0.0,0.0,0.0,0.0,0.0,0.0,0.0,0.0,0.0,0.0,0.0,0.0,0.0,0.0,0.0,0.0,0.0233336662987282,0.0233336662987282,0.0233336662987282,-0.0006993391191703,-0.0006993391191703,-0.0006993391191703,0.0240330054178985,0.0240330054178985,0.0240330054178985,0.0,0.0,0.0,5116078.237833638
2024-04-16,5010899.213829152,5036880.109026404,5221496.782877457,5010899.213829152,5010899.213829152,0.0,0.0,0.0,0.0,0.0,0.0,0.0,0.0,0.0,0.0,0.0,0.0,0.0,0.0,0.0,0.0,0.0,0.0,0.0,0.0,0.0,0.0,0.0,0.0,0.0,0.0,0.0,0.0,0.0,0.0,0.0,0.0,0.0,0.0232974361303344,0.0232974361303344,0.0232974361303344,-0.0009328826298035,-0.0009328826298035,-0.0009328826298035,0.024230318760138,0.024230318760138,0.024230318760138,0.0,0.0,0.0,5127640.31821888
2024-04-17,5024176.058604339,5057009.409594144,5231663.386259981,5024176.058604339,5024176.058604339,0.0,0.0,0.0,0.0,0.0,0.0,0.0,0.0,0.0,0.0,0.0,0.0,0.0,0.0,0.0,0.0,0.0,0.0,0.0,0.0,0.0,0.0,0.0,0.0,0.0,0.0,0.0,0.0,0.0,0.0,0.0,0.0,0.0,0.0240661047274818,0.0240661047274818,0.0240661047274818,-0.0002763532964443,-0.0002763532964443,-0.0002763532964443,0.0243424580239261,0.0243424580239261,0.0243424580239261,0.0,0.0,0.0,5145088.4058000175
2024-04-18,5037452.903379527,5065389.474921237,5251271.551762841,5037452.903379527,5037452.903379527,0.0,0.0,0.0,0.0,0.0,0.0,0.0,0.0,0.0,0.0,0.0,0.0,0.0,0.0,0.0,0.0,0.0,0.0,0.0,0.0,0.0,0.0,0.0,0.0,0.0,0.0,0.0,0.0,0.0,0.0,0.0,0.0,0.0,0.0243329585689299,0.0243329585689299,0.0243329585689299,-3.3567311000390126e-05,-3.3567311000390126e-05,-3.3567311000390126e-05,0.0243665258799303,0.0243665258799303,0.0243665258799303,0.0,0.0,0.0,5160029.036170397
2024-04-19,5050729.748154713,5081897.833319584,5261229.207045921,5050729.748154713,5050729.748154713,0.0,0.0,0.0,0.0,0.0,0.0,0.0,0.0,0.0,0.0,0.0,0.0,0.0,0.0,0.0,0.0,0.0,0.0,0.0,0.0,0.0,0.0,0.0,0.0,0.0,0.0,0.0,0.0,0.0,0.0,0.0,0.0,0.0,0.0242961486325151,0.0242961486325151,0.0242961486325151,-4.983770821848045e-06,-4.983770821848045e-06,-4.983770821848045e-06,0.0243011324033369,0.0243011324033369,0.0243011324033369,0.0,0.0,0.0,5173443.028818545
2024-04-20,5064006.592929901,5102595.717313908,5276707.499331389,5064006.592929901,5064006.592929901,0.0,0.0,0.0,0.0,0.0,0.0,0.0,0.0,0.0,0.0,0.0,0.0,0.0,0.0,0.0,0.0,0.0,0.0,0.0,0.0,0.0,0.0,0.0,0.0,0.0,0.0,0.0,0.0,0.0,0.0,0.0,0.0,0.0,0.0247992865357594,0.0247992865357594,0.0247992865357594,0.0006527986307417,0.0006527986307417,0.0006527986307417,0.0241464879050177,0.0241464879050177,0.0241464879050177,0.0,0.0,0.0,5189590.343446945
2024-04-21,5077283.437705088,5113917.759837066,5290121.499227744,5077283.437705088,5077283.437705088,0.0,0.0,0.0,0.0,0.0,0.0,0.0,0.0,0.0,0.0,0.0,0.0,0.0,0.0,0.0,0.0,0.0,0.0,0.0,0.0,0.0,0.0,0.0,0.0,0.0,0.0,0.0,0.0,0.0,0.0,0.0,0.0,0.0,0.0251987853350349,0.0251987853350349,0.0251987853350349,0.0012943274964945,0.0012943274964945,0.0012943274964945,0.0239044578385403,0.0239044578385403,0.0239044578385403,0.0,0.0,0.0,5205224.813136946
2024-04-22,5090560.282480274,5117968.566751391,5295459.228946854,5090560.282480274,5090560.282480274,0.0,0.0,0.0,0.0,0.0,0.0,0.0,0.0,0.0,0.0,0.0,0.0,0.0,0.0,0.0,0.0,0.0,0.0,0.0,0.0,0.0,0.0,0.0,0.0,0.0,0.0,0.0,0.0,0.0,0.0,0.0,0.0,0.0,0.0228792384089995,0.0228792384089995,0.0228792384089995,-0.0006993391191718,-0.0006993391191718,-0.0006993391191718,0.0235785775281714,0.0235785775281714,0.0235785775281714,0.0,0.0,0.0,5207028.424818524
2024-04-23,5103837.127255461,5132703.188154016,5307339.366418849,5103837.127255461,5103837.127255461,0.0,0.0,0.0,0.0,0.0,0.0,0.0,0.0,0.0,0.0,0.0,0.0,0.0,0.0,0.0,0.0,0.0,0.0,0.0,0.0,0.0,0.0,0.0,0.0,0.0,0.0,0.0,0.0,0.0,0.0,0.0,0.0,0.0,0.0222411429210102,0.0222411429210102,0.0222411429210102,-0.0009328826298023,-0.0009328826298023,-0.0009328826298023,0.0231740255508125,0.0231740255508125,0.0231740255508125,0.0,0.0,0.0,5217352.298248309
2024-04-24,5117113.972030649,5146839.02239264,5326920.967964886,5117113.972030649,5117113.972030649,0.0,0.0,0.0,0.0,0.0,0.0,0.0,0.0,0.0,0.0,0.0,0.0,0.0,0.0,0.0,0.0,0.0,0.0,0.0,0.0,0.0,0.0,0.0,0.0,0.0,0.0,0.0,0.0,0.0,0.0,0.0,0.0,0.0,0.0224212024394932,0.0224212024394932,0.0224212024394932,-0.0002763532964433,-0.0002763532964433,-0.0002763532964433,0.0226975557359366,0.0226975557359366,0.0226975557359366,0.0,0.0,0.0,5231845.820303507
2024-04-25,5130390.816805835,5160827.308193858,5333240.053348838,5130390.816805835,5130390.816805835,0.0,0.0,0.0,0.0,0.0,0.0,0.0,0.0,0.0,0.0,0.0,0.0,0.0,0.0,0.0,0.0,0.0,0.0,0.0,0.0,0.0,0.0,0.0,0.0,0.0,0.0,0.0,0.0,0.0,0.0,0.0,0.0,0.0,0.0221238215789445,0.0221238215789445,0.0221238215789445,-3.3567310997929875e-05,-3.3567310997929875e-05,-3.3567310997929875e-05,0.0221573888899425,0.0221573888899425,0.0221573888899425,0.0,0.0,0.0,5243894.667867103
2024-04-26,5143667.661581023,5166836.229934322,5345705.024162159,5143667.661581023,5143667.661581023,0.0,0.0,0.0,0.0,0.0,0.0,0.0,0.0,0.0,0.0,0.0,0.0,0.0,0.0,0.0,0.0,0.0,0.0,0.0,0.0,0.0,0.0,0.0,0.0,0.0,0.0,0.0,0.0,0.0,0.0,0.0,0.0,0.0,0.0215580827014622,0.0215580827014622,0.0215580827014622,-4.983770822640163e-06,-4.983770822640163e-06,-4.983770822640163e-06,0.0215630664722848,0.0215630664722848,0.0215630664722848,0.0,0.0,0.0,5254555.274418224
2024-04-27,5156944.5063562095,5177517.975543963,5358661.833550773,5156944.5063562095,5156944.5063562095,0.0,0.0,0.0,0.0,0.0,0.0,0.0,0.0,0.0,0.0,0.0,0.0,0.0,0.0,0.0,0.0,0.0,0.0,0.0,0.0,0.0,0.0,0.0,0.0,0.0,0.0,0.0,0.0,0.0,0.0,0.0,0.0,0.0,0.0215780681491131,0.0215780681491131,0.0215780681491131,0.0006527986307423,0.0006527986307423,0.0006527986307423,0.0209252695183707,0.0209252695183707,0.0209252695183707,0.0,0.0,0.0,5268221.406355558
2024-04-28,5170221.351131396,5192167.9642694825,5372075.561555402,5170221.351131396,5170221.351131396,0.0,0.0,0.0,0.0,0.0,0.0,0.0,0.0,0.0,0.0,0.0,0.0,0.0,0.0,0.0,0.0,0.0,0.0,0.0,0.0,0.0,0.0,0.0,0.0,0.0,0.0,0.0,0.0,0.0,0.0,0.0,0.0,0.0,0.0215499345840527,0.0215499345840527,0.0215499345840527,0.0012943274964937,0.0012943274964937,0.0012943274964937,0.0202556070875589,0.0202556070875589,0.0202556070875589,0.0,0.0,0.0,5281639.283033351
2024-04-29,5183498.195906583,5193440.805346485,5370740.335167531,5183498.195906583,5183498.195906583,0.0,0.0,0.0,0.0,0.0,0.0,0.0,0.0,0.0,0.0,0.0,0.0,0.0,0.0,0.0,0.0,0.0,0.0,0.0,0.0,0.0,0.0,0.0,0.0,0.0,0.0,0.0,0.0,0.0,0.0,0.0,0.0,0.0,0.0188670402662169,0.0188670402662169,0.0188670402662169,-0.0006993391191659,-0.0006993391191659,-0.0006993391191659,0.0195663793853829,0.0195663793853829,0.0195663793853829,0.0,0.0,0.0,5281295.465088616
2024-04-30,5196775.040681771,5200688.956433195,5373925.952347516,5196775.040681771,5196775.040681771,0.0,0.0,0.0,0.0,0.0,0.0,0.0,0.0,0.0,0.0,0.0,0.0,0.0,0.0,0.0,0.0,0.0,0.0,0.0,0.0,0.0,0.0,0.0,0.0,0.0,0.0,0.0,0.0,0.0,0.0,0.0,0.0,0.0,0.017937438812105,0.017937438812105,0.017937438812105,-0.000932882629804,-0.000932882629804,-0.000932882629804,0.0188703214419091,0.0188703214419091,0.0188703214419091,0.0,0.0,0.0,5289991.874994274
2024-05-01,5210051.885456957,5144118.095290244,5322654.008174224,5210051.885456957,5210051.885456957,0.0,0.0,0.0,0.0,0.0,0.0,0.0,0.0,0.0,0.0,0.0,0.0,0.0,0.0,0.0,0.0,0.0,0.0,0.0,0.0,0.0,-0.014208229,-0.014208229,-0.014208229,0.0,0.0,0.0,0.0,0.0,0.0,-0.014208229,-0.014208229,-0.014208229,0.0036957515050411,0.0036957515050411,0.0036957515050411,-0.0002763532964424,-0.0002763532964424,-0.0002763532964424,0.0181803338014835,0.0181803338014835,0.0181803338014835,0.0,0.0,0.0,5229306.942553977
2024-05-02,5223328.730232145,5224110.389254906,5405170.44922772,5223328.730232145,5223328.730232145,0.0,0.0,0.0,0.0,0.0,0.0,0.0,0.0,0.0,0.0,0.0,0.0,0.0,0.0,0.0,0.0,0.0,0.0,0.0,0.0,0.0,0.0,0.0,0.0,0.0,0.0,0.0,0.0,0.0,0.0,0.0,0.0,0.0,0.0174756397648973,0.0174756397648973,0.0174756397648973,-3.3567311000280005e-05,-3.3567311000280005e-05,-3.3567311000280005e-05,0.0175092070758976,0.0175092070758976,0.0175092070758976,0.0,0.0,0.0,5314609.741495321
2024-05-03,5236605.575007332,5235645.5213599885,5417740.8518732805,5236605.575007332,5236605.575007332,0.0,0.0,0.0,0.0,0.0,0.0,0.0,0.0,0.0,0.0,0.0,0.0,0.0,0.0,0.0,0.0,0.0,0.0,0.0,0.0,0.0,0.0,0.0,0.0,0.0,0.0,0.0,0.0,0.0,0.0,0.0,0.0,0.0,0.016864363650438,0.016864363650438,0.016864363650438,-4.98377082051144e-06,-4.98377082051144e-06,-4.98377082051144e-06,0.0168693474212585,0.0168693474212585,0.0168693474212585,0.0,0.0,0.0,5324917.595718166
2024-05-04,5249882.419782518,5248796.003645594,5425942.7405445445,5249882.419782518,5249882.419782518,0.0,0.0,0.0,0.0,0.0,0.0,0.0,0.0,0.0,0.0,0.0,0.0,0.0,0.0,0.0,0.0,0.0,0.0,0.0,0.0,0.0,0.0,0.0,0.0,0.0,0.0,0.0,0.0,0.0,0.0,0.0,0.0,0.0,0.0169253086426622,0.0169253086426622,0.0169253086426622,0.0006527986307438,0.0006527986307438,0.0006527986307438,0.0162725100119184,0.0162725100119184,0.0162725100119184,0.0,0.0,0.0,5338738.300075023
2024-05-05,5263159.264557706,5266199.572157943,5443205.70309737,5263159.264557706,5263159.264557706,0.0,0.0,0.0,0.0,0.0,0.0,0.0,0.0,0.0,0.0,0.0,0.0,0.0,0.0,0.0,0.0,0.0,0.0,0.0,0.0,0.0,0.0,0.0,0.0,0.0,0.0,0.0,0.0,0.0,0.0,0.0,0.0,0.0,0.0170238748978745,0.0170238748978745,0.0170238748978745,0.0012943274964931,0.0012943274964931,0.0012943274964931,0.0157295474013813,0.0157295474013813,0.0157295474013813,0.0,0.0,0.0,5352758.629445126
2024-05-06,5276436.109332893,5262665.734758124,5438930.395884477,5276436.109332893,5276436.109332893,0.0,0.0,0.0,0.0,0.0,0.0,0.0,0.0,0.0,0.0,0.0,0.0,0.0,0.0,0.0,0.0,0.0,0.0,0.0,0.0,0.0,0.0,0.0,0.0,0.0,0.0,0.0,0.0,0.0,0.0,0.0,0.0,0.0,0.0145508401657279,0.0145508401657279,0.0145508401657279,-0.0006993391191675,-0.0006993391191675,-0.0006993391191675,0.0152501792848954,0.0152501792848954,0.0152501792848954,0.0,0.0,0.0,5353212.687804472
2024-05-07,5289712.95410808,5275216.601512618,5453925.136318991,5289712.95410808,5289712.95410808,0.0,0.0,0.0,0.0,0.0,0.0,0.0,0.0,0.0,0.0,0.0,0.0,0.0,0.0,0.0,0.0,0.0,0.0,0.0,0.0,0.0,0.0,0.0,0.0,0.0,0.0,0.0,0.0,0.0,0.0,0.0,0.0,0.0,0.0139099069913949,0.0139099069913949,0.0139099069913949,-0.0009328826298028,-0.0009328826298028,-0.0009328826298028,0.0148427896211977,0.0148427896211977,0.0148427896211977,0.0,0.0,0.0,5363292.3693109
2024-05-08,5302989.798883267,5282156.855356497,5470735.659054295,5302989.798883267,5302989.798883267,0.0,0.0,0.0,0.0,0.0,0.0,0.0,0.0,0.0,0.0,0.0,0.0,0.0,0.0,0.0,0.0,0.0,0.0,0.0,0.0,0.0,0.0,0.0,0.0,0.0,0.0,0.0,0.0,0.0,0.0,0.0,0.0,0.0,0.0142379030505113,0.0142379030505113,0.0142379030505113,-0.0002763532964414,-0.0002763532964414,-0.0002763532964414,0.0145142563469528,0.0145142563469528,0.0145142563469528,0.0,0.0,0.0,5378493.2535176175
2024-05-09,5316266.643658455,5302255.449877201,5478527.458752393,5316266.643658455,5316266.643658455,0.0,0.0,0.0,0.0,0.0,0.0,0.0,0.0,0.0,0.0,0.0,0.0,0.0,0.0,0.0,0.0,0.0,0.0,0.0,0.0,0.0,0.0,0.0,0.0,0.0,0.0,0.0,0.0,0.0,0.0,0.0,0.0,0.0,0.014236250735656,0.014236250735656,0.014236250735656,-3.3567310999213814e-05,-3.3567310999213814e-05,-3.3567310999213814e-05,0.0142698180466552,0.0142698180466552,0.0142698180466552,0.0,0.0,0.0,5391950.348575181
2024-05-10,5329543.48843364,5322418.240765328,5490764.558403661,5329543.48843364,5329543.48843364,0.0,0.0,0.0,0.0,0.0,0.0,0.0,0.0,0.0,0.0,0.0,0.0,0.0,0.0,0.0,0.0,0.0,0.0,0.0,0.0,0.0,0.0,0.0,0.0,0.0,0.0,0.0,0.0,0.0,0.0,0.0,0.0,0.0,0.0141079971766953,0.0141079971766953,0.0141079971766953,-4.983770821303558e-06,-4.983770821303558e-06,-4.983770821303558e-06,0.0141129809475166,0.0141129809475166,0.0141129809475166,0.0,0.0,0.0,5404732.672921537
2024-05-11,5342820.333208828,5326827.478679248,5510982.850825063,5342820.333208828,5342820.333208828,0.0,0.0,0.0,0.0,0.0,0.0,0.0,0.0,0.0,0.0,0.0,0.0,0.0,0.0,0.0,0.0,0.0,0.0,0.0,0.0,0.0,0.0,0.0,0.0,0.0,0.0,0.0,0.0,0.0,0.0,0.0,0.0,0.0,0.0146982671515336,0.0146982671515336,0.0146982671515336,0.00065279863074,0.00065279863074,0.00065279863074,0.0140454685207936,0.0140454685207936,0.0140454685207936,0.0,0.0,0.0,5421350.533808977
2024-05-12,5356097.177984015,5344751.1606056085,5525927.018947708,5356097.177984015,5356097.177984015,0.0,0.0,0.0,0.0,0.0,0.0,0.0,0.0,0.0,0.0,0.0,0.0,0.0,0.0,0.0,0.0,0.0,0.0,0.0,0.0,0.0,0.0,0.0,0.0,0.0,0.0,0.0,0.0,0.0,0.0,0.0,0.0,0.0,0.0153615423151635,0.0153615423151635,0.0153615423151635,0.0012943274964925,0.0012943274964925,0.0012943274964925,0.0140672148186709,0.0140672148186709,0.0140672148186709,0.0,0.0,0.0,5438375.091427745
2024-05-13,5369374.022759202,5361231.009277276,5522980.330795527,5369374.022759202,5369374.022759202,0.0,0.0,0.0,0.0,0.0,0.0,0.0,0.0,0.0,0.0,0.0,0.0,0.0,0.0,0.0,0.0,0.0,0.0,0.0,0.0,0.0,0.0,0.0,0.0,0.0,0.0,0.0,0.0,0.0,0.0,0.0,0.0,0.0,0.0134770623724852,0.0134770623724852,0.0134770623724852,-0.000699339119168,-0.000699339119168,-0.000699339119168,0.0141764014916532,0.0141764014916532,0.0141764014916532,0.0,0.0,0.0,5441737.411365129
2024-05-14,5382650.867534389,5369162.943775427,5547438.441327904,5382650.867534389,5382650.867534389,0.0,0.0,0.0,0.0,0.0,0.0,0.0,0.0,0.0,0.0,0.0,0.0,0.0,0.0,0.0,0.0,0.0,0.0,0.0,0.0,0.0,0.0,0.0,0.0,0.0,0.0,0.0,0.0,0.0,0.0,0.0,0.0,0.0,0.0134366546189368,0.0134366546189368,0.0134366546189368,-0.0009328826298039,-0.0009328826298039,-0.0009328826298039,0.0143695372487408,0.0143695372487408,0.0143695372487408,0.0,0.0,0.0,5454975.6881757695
2024-05-15,5395927.712309575,5383065.7232928965,5566580.84006077,5395927.712309575,5395927.712309575,0.0,0.0,0.0,0.0,0.0,0.0,0.0,0.0,0.0,0.0,0.0,0.0,0.0,0.0,0.0,0.0,0.0,0.0,0.0,0.0,0.0,0.0,0.0,0.0,0.0,0.0,0.0,0.0,0.0,0.0,0.0,0.0,0.0,0.0143652240784291,0.0143652240784291,0.0143652240784291,-0.000276353296442,-0.000276353296442,-0.000276353296442,0.0146415773748711,0.0146415773748711,0.0146415773748711,0.0,0.0,0.0,5473441.423007907
2024-05-16,5406483.358085587,5394750.008877562,5573378.252196616,5406483.358085587,5406483.358085587,0.0,0.0,0.0,0.0,0.0,0.0,0.0,0.0,0.0,0.0,0.0,0.0,0.0,0.0,0.0,0.0,0.0,0.0,0.0,0.0,0.0,0.0,0.0,0.0,0.0,0.0,0.0,0.0,0.0,0.0,0.0,0.0,0.0,0.0149525125285925,0.0149525125285925,0.0149525125285925,-3.356731100016989e-05,-3.356731100016989e-05,-3.356731100016989e-05,0.0149860798395927,0.0149860798395927,0.0149860798395927,0.0,0.0,0.0,5487323.868232989
2024-05-17,5417039.003861597,5409818.902935478,5588086.695525931,5417039.003861597,5417039.003861597,0.0,0.0,0.0,0.0,0.0,0.0,0.0,0.0,0.0,0.0,0.0,0.0,0.0,0.0,0.0,0.0,0.0,0.0,0.0,0.0,0.0,0.0,0.0,0.0,0.0,0.0,0.0,0.0,0.0,0.0,0.0,0.0,0.0,0.0153904097773831,0.0153904097773831,0.0153904097773831,-4.983770822095731e-06,-4.983770822095731e-06,-4.983770822095731e-06,0.0153953935482052,0.0153953935482052,0.0153953935482052,0.0,0.0,0.0,5500409.453911094
2024-05-18,5427594.649637608,5429643.741810211,5606479.235691872,5427594.649637608,5427594.649637608,0.0,0.0,0.0,0.0,0.0,0.0,0.0,0.0,0.0,0.0,0.0,0.0,0.0,0.0,0.0,0.0,0.0,0.0,0.0,0.0,0.0,0.0,0.0,0.0,0.0,0.0,0.0,0.0,0.0,0.0,0.0,0.0,0.0,0.0165136720601605,0.0165136720601605,0.0165136720601605,0.0006527986307415,0.0006527986307415,0.0006527986307415,0.0158608734294189,0.0158608734294189,0.0158608734294189,0.0,0.0,0.0,5517224.167757205
2024-05-19,5438150.295413618,5448189.9256995,5626212.692706457,5438150.295413618,5438150.295413618,0.0,0.0,0.0,0.0,0.0,0.0,0.0,0.0,0.0,0.0,0.0,0.0,0.0,0.0,0.0,0.0,0.0,0.0,0.0,0.0,0.0,0.0,0.0,0.0,0.0,0.0,0.0,0.0,0.0,0.0,0.0,0.0,0.0,0.0176674438426215,0.0176674438426215,0.0176674438426215,0.0012943274964919,0.0012943274964919,0.0012943274964919,0.0163731163461296,0.0163731163461296,0.0163731163461296,0.0,0.0,0.0,5534228.510365575
2024-05-20,5448705.94118963,5445375.549457888,5624864.224309865,5448705.94118963,5448705.94118963,0.0,0.0,0.0,0.0,0.0,0.0,0.0,0.0,0.0,0.0,0.0,0.0,0.0,0.0,0.0,0.0,0.0,0.0,0.0,0.0,0.0,0.0,0.0,0.0,0.0,0.0,0.0,0.0,0.0,0.0,0.0,0.0,0.0,0.0162228721588682,0.0162228721588682,0.0162228721588682,-0.0006993391191696,-0.0006993391191696,-0.0006993391191696,0.0169222112780378,0.0169222112780378,0.0169222112780378,0.0,0.0,0.0,5537099.601104815
2024-05-21,5459261.58696564,5461092.365429384,5634608.10598927,5459261.58696564,5459261.58696564,0.0,0.0,0.0,0.0,0.0,0.0,0.0,0.0,0.0,0.0,0.0,0.0,0.0,0.0,0.0,0.0,0.0,0.0,0.0,0.0,0.0,0.0,0.0,0.0,0.0,0.0,0.0,0.0,0.0,0.0,0.0,0.0,0.0,0.01656511424193,0.01656511424193,0.01656511424193,-0.0009328826298027,-0.0009328826298027,-0.0009328826298027,0.0174979968717327,0.0174979968717327,0.0174979968717327,0.0,0.0,0.0,5549694.878830306
2024-05-22,5469817.23274165,5472515.606623019,5656727.283036893,5469817.23274165,5469817.23274165,0.0,0.0,0.0,0.0,0.0,0.0,0.0,0.0,0.0,0.0,0.0,0.0,0.0,0.0,0.0,0.0,0.0,0.0,0.0,0.0,0.0,0.0,0.0,0.0,0.0,0.0,0.0,0.0,0.0,0.0,0.0,0.0,0.0,0.017813965998733,0.017813965998733,0.017813965998733,-0.0002763532964444,-0.0002763532964444,-0.0002763532964444,0.0180903192951775,0.0180903192951775,0.0180903192951775,0.0,0.0,0.0,5567256.3709449945
2024-05-23,5480372.878517661,5500236.976836614,5673254.548176965,5480372.878517661,5480372.878517661,0.0,0.0,0.0,0.0,0.0,0.0,0.0,0.0,0.0,0.0,0.0,0.0,0.0,0.0,0.0,0.0,0.0,0.0,0.0,0.0,0.0,0.0,0.0,0.0,0.0,0.0,0.0,0.0,0.0,0.0,0.0,0.0,0.0,0.0186557160626548,0.0186557160626548,0.0186557160626548,-3.356731099910369e-05,-3.356731099910369e-05,-3.356731099910369e-05,0.0186892833736539,0.0186892833736539,0.0186892833736539,0.0,0.0,0.0,5582613.158856761
2024-05-24,5490928.524293671,5509627.381563838,5688141.435268712,5490928.524293671,5490928.524293671,0.0,0.0,0.0,0.0,0.0,0.0,0.0,0.0,0.0,0.0,0.0,0.0,0.0,0.0,0.0,0.0,0.0,0.0,0.0,0.0,0.0,0.0,0.0,0.0,0.0,0.0,0.0,0.0,0.0,0.0,0.0,0.0,0.0,0.0192805064507255,0.0192805064507255,0.0192805064507255,-4.983770819966981e-06,-4.983770819966981e-06,-4.983770819966981e-06,0.0192854902215455,0.0192854902215455,0.0192854902215455,0.0,0.0,0.0,5596796.407126788
2024-05-25,5501484.1700696815,5528829.168851017,5708806.556374851,5501484.1700696815,5501484.1700696815,0.0,0.0,0.0,0.0,0.0,0.0,0.0,0.0,0.0,0.0,0.0,0.0,0.0,0.0,0.0,0.0,0.0,0.0,0.0,0.0,0.0,0.0,0.0,0.0,0.0,0.0,0.0,0.0,0.0,0.0,0.0,0.0,0.0,0.0205230536426396,0.0205230536426396,0.0205230536426396,0.0006527986307412,0.0006527986307412,0.0006527986307412,0.0198702550118983,0.0198702550118983,0.0198702550118983,0.0,0.0,0.0,5614391.424806153
2024-05-26,5512039.815845693,5545840.2933167685,5719870.07336983,5512039.815845693,5512039.815845693,0.0,0.0,0.0,0.0,0.0,0.0,0.0,0.0,0.0,0.0,0.0,0.0,0.0,0.0,0.0,0.0,0.0,0.0,0.0,0.0,0.0,0.0,0.0,0.0,0.0,0.0,0.0,0.0,0.0,0.0,0.0,0.0,0.0,0.0217301266274331,0.0217301266274331,0.0217301266274331,0.0012943274964949,0.0012943274964949,0.0012943274964949,0.0204357991309382,0.0204357991309382,0.0204357991309382,0.0,0.0,0.0,5631817.139019474
2024-05-27,5522595.461621704,5552347.171950489,5724267.155967187,5522595.461621704,5522595.461621704,0.0,0.0,0.0,0.0,0.0,0.0,0.0,0.0,0.0,0.0,0.0,0.0,0.0,0.0,0.0,0.0,0.0,0.0,0.0,0.0,0.0,0.0,0.0,0.0,0.0,0.0,0.0,0.0,0.0,0.0,0.0,0.0,0.0,0.0202760726107831,0.0202760726107831,0.0202760726107831,-0.0006993391191642,-0.0006993391191642,-0.0006993391191642,0.0209754117299474,0.0209754117299474,0.0209754117299474,0.0,0.0,0.0,5634572.008201527
2024-05-28,5533151.107397714,5554604.373201425,5734673.575801698,5533151.107397714,5533151.107397714,0.0,0.0,0.0,0.0,0.0,0.0,0.0,0.0,0.0,0.0,0.0,0.0,0.0,0.0,0.0,0.0,0.0,0.0,0.0,0.0,0.0,0.0,0.0,0.0,0.0,0.0,0.0,0.0,0.0,0.0,0.0,0.0,0.0,0.0205506939602947,0.0205506939602947,0.0205506939602947,-0.0009328826298014,-0.0009328826298014,-0.0009328826298014,0.0214835765900962,0.0214835765900962,0.0214835765900962,0.0,0.0,0.0,5646861.20244191
2024-05-29,5543706.753173725,5576799.941562956,5744820.812235381,5543706.753173725,5543706.753173725,0.0,0.0,0.0,0.0,0.0,0.0,0.0,0.0,0.0,0.0,0.0,0.0,0.0,0.0,0.0,0.0,0.0,0.0,0.0,0.0,0.0,0.0,0.0,0.0,0.0,0.0,0.0,0.0,0.0,0.0,0.0,0.0,0.0,0.0216797079343054,0.0216797079343054,0.0216797079343054,-0.000276353296445,-0.000276353296445,-0.000276353296445,0.0219560612307505,0.0219560612307505,0.0219560612307505,0.0,0.0,0.0,5663892.696455968
2024-05-30,5554262.398949735,5587291.98736205,5765578.812808671,5554262.398949735,5554262.398949735,0.0,0.0,0.0,0.0,0.0,0.0,0.0,0.0,0.0,0.0,0.0,0.0,0.0,0.0,0.0,0.0,0.0,0.0,0.0,0.0,0.0,0.0,0.0,0.0,0.0,0.0,0.0,0.0,0.0,0.0,0.0,0.0,0.0,0.0223563989782437,0.0223563989782437,0.0223563989782437,-3.356731099974566e-05,-3.356731099974566e-05,-3.356731099974566e-05,0.0223899662892435,0.0223899662892435,0.0223899662892435,0.0,0.0,0.0,5678435.705170513
2024-05-31,5564818.044725746,5599492.363458296,5777955.52549722,5564818.044725746,5564818.044725746,0.0,0.0,0.0,0.0,0.0,0.0,0.0,0.0,0.0,0.0,0.0,0.0,0.0,0.0,0.0,0.0,0.0,0.0,0.0,0.0,0.0,0.0,0.0,0.0,0.0,0.0,0.0,0.0,0.0,0.0,0.0,0.0,0.0,0.0227787505776372,0.0227787505776372,0.0227787505776372,-4.983770820759126e-06,-4.983770820759126e-06,-4.983770820759126e-06,0.0227837343484579,0.0227837343484579,0.0227837343484579,0.0,0.0,0.0,5691577.64697649
2024-06-01,5575373.690501757,5617516.038887031,5788454.82387465,5575373.690501757,5575373.690501757,0.0,0.0,0.0,0.0,0.0,0.0,0.0,0.0,0.0,0.0,0.0,0.0,0.0,0.0,0.0,0.0,0.0,0.0,0.0,0.0,0.0,0.0,0.0,0.0,0.0,0.0,0.0,0.0,0.0,0.0,0.0,0.0,0.0,0.0237899171855536,0.0237899171855536,0.0237899171855536,0.0006527986307427,0.0006527986307427,0.0006527986307427,0.0231371185548108,0.0231371185548108,0.0231371185548108,0.0,0.0,0.0,5708011.368877308
2024-06-02,5585929.336277767,5633551.789309713,5814002.0957678845,5585929.336277767,5585929.336277767,0.0,0.0,0.0,0.0,0.0,0.0,0.0,0.0,0.0,0.0,0.0,0.0,0.0,0.0,0.0,0.0,0.0,0.0,0.0,0.0,0.0,0.0,0.0,0.0,0.0,0.0,0.0,0.0,0.0,0.0,0.0,0.0,0.0,0.0247454400164301,0.0247454400164301,0.0247454400164301,0.0012943274964943,0.0012943274964943,0.0012943274964943,0.0234511125199358,0.0234511125199358,0.0234511125199358,0.0,0.0,0.0,5724155.615604647
2024-06-03,5596484.982053778,5634178.910272346,5815715.76282555,5596484.982053778,5596484.982053778,0.0,0.0,0.0,0.0,0.0,0.0,0.0,0.0,0.0,0.0,0.0,0.0,0.0,0.0,0.0,0.0,0.0,0.0,0.0,0.0,0.0,0.0,0.0,0.0,0.0,0.0,0.0,0.0,0.0,0.0,0.0,0.0,0.0,0.0230285049822627,0.0230285049822627,0.0230285049822627,-0.0006993391191658,-0.0006993391191658,-0.0006993391191658,0.0237278441014286,0.0237278441014286,0.0237278441014286,0.0,0.0,0.0,5725363.664346162
2024-06-04,5607040.627829788,5649642.020257544,5820682.394148856,5607040.627829788,5607040.627829788,0.0,0.0,0.0,0.0,0.0,0.0,0.0,0.0,0.0,0.0,0.0,0.0,0.0,0.0,0.0,0.0,0.0,0.0,0.0,0.0,0.0,0.0,0.0,0.0,0.0,0.0,0.0,0.0,0.0,0.0,0.0,0.0,0.0,0.0230375540502477,0.0230375540502477,0.0230375540502477,-0.0009328826298025,-0.0009328826298025,-0.0009328826298025,0.0239704366800503,0.0239704366800503,0.0239704366800503,0.0,0.0,0.0,5736213.129355351
2024-06-05,5617596.273605798,5664069.550257134,5839806.574432191,5617596.273605798,5617596.273605798,0.0,0.0,0.0,0.0,0.0,0.0,0.0,0.0,0.0,0.0,0.0,0.0,0.0,0.0,0.0,0.0,0.0,0.0,0.0,0.0,0.0,0.0,0.0,0.0,0.0,0.0,0.0,0.0,0.0,0.0,0.0,0.0,0.0,0.0239064891671435,0.0239064891671435,0.0239064891671435,-0.0002763532964424,-0.0002763532964424,-0.0002763532964424,0.024182842463586,0.024182842463586,0.024182842463586,0.0,0.0,0.0,5751893.278066142
2024-06-06,5628151.919381809,5670735.230631032,5852481.023962759,5628151.919381809,5628151.919381809,0.0,0.0,0.0,0.0,0.0,0.0,0.0,0.0,0.0,0.0,0.0,0.0,0.0,0.0,0.0,0.0,0.0,0.0,0.0,0.0,0.0,0.0,0.0,0.0,0.0,0.0,0.0,0.0,0.0,0.0,0.0,0.0,0.0,0.0243360858141318,0.0243360858141318,0.0243360858141318,-3.356731100038763e-05,-3.356731100038763e-05,-3.356731100038763e-05,0.0243696531251322,0.0243696531251322,0.0243696531251322,0.0,0.0,0.0,5765119.107466857
2024-06-07,5638707.5651578205,5694806.432179436,5870154.959595673,5638707.5651578205,5638707.5651578205,0.0,0.0,0.0,0.0,0.0,0.0,0.0,0.0,0.0,0.0,0.0,0.0,0.0,0.0,0.0,0.0,0.0,0.0,0.0,0.0,0.0,0.0,0.0,0.0,0.0,0.0,0.0,0.0,0.0,0.0,0.0,0.0,0.0,0.0245309099332158,0.0245309099332158,0.0245309099332158,-4.983770821940446e-06,-4.983770821940446e-06,-4.983770821940446e-06,0.0245358937040378,0.0245358937040378,0.0245358937040378,0.0,0.0,0.0,5777030.19257845
2024-06-08,5649263.210933832,5705774.728066029,5883656.410942969,5649263.210933832,5649263.210933832,0.0,0.0,0.0,0.0,0.0,0.0,0.0,0.0,0.0,0.0,0.0,0.0,0.0,0.0,0.0,0.0,0.0,0.0,0.0,0.0,0.0,0.0,0.0,0.0,0.0,0.0,0.0,0.0,0.0,0.0,0.0,0.0,0.0,0.0253396047742801,0.0253396047742801,0.0253396047742801,0.0006527986307442,0.0006527986307442,0.0006527986307442,0.0246868061435358,0.0246868061435358,0.0246868061435358,0.0,0.0,0.0,5792413.307964776
2024-06-09,5659818.856709842,5718273.877211132,5896704.565828923,5659818.856709842,5659818.856709842,0.0,0.0,0.0,0.0,0.0,0.0,0.0,0.0,0.0,0.0,0.0,0.0,0.0,0.0,0.0,0.0,0.0,0.0,0.0,0.0,0.0,0.0,0.0,0.0,0.0,0.0,0.0,0.0,0.0,0.0,0.0,0.0,0.0,0.0261219565945566,0.0261219565945566,0.0261219565945566,0.0012943274964935,0.0012943274964935,0.0012943274964935,0.024827629098063,0.024827629098063,0.024827629098063,0.0,0.0,0.0,5807664.399217868
2024-06-10,5670374.502485852,5714264.175741727,5900472.533079495,5670374.502485852,5670374.502485852,0.0,0.0,0.0,0.0,0.0,0.0,0.0,0.0,0.0,0.0,0.0,0.0,0.0,0.0,0.0,0.0,0.0,0.0,0.0,0.0,0.0,0.0,0.0,0.0,0.0,0.0,0.0,0.0,0.0,0.0,0.0,0.0,0.0,0.0242640415891863,0.0242640415891863,0.0242640415891863,-0.0006993391191668,-0.0006993391191668,-0.0006993391191668,0.0249633807083532,0.0249633807083532,0.0249633807083532,0.0,0.0,0.0,5807960.70524043
2024-06-11,5680930.148261863,5723965.572776721,5914585.253264665,5680930.148261863,5680930.148261863,0.0,0.0,0.0,0.0,0.0,0.0,0.0,0.0,0.0,0.0,0.0,0.0,0.0,0.0,0.0,0.0,0.0,0.0,0.0,0.0,0.0,0.0,0.0,0.0,0.0,0.0,0.0,0.0,0.0,0.0,0.0,0.0,0.0,0.0241657682826627,0.0241657682826627,0.0241657682826627,-0.0009328826298013,-0.0009328826298013,-0.0009328826298013,0.025098650912464,0.025098650912464,0.025098650912464,0.0,0.0,0.0,5818214.189854752
2024-06-12,5691485.794037873,5744496.574131418,5922127.319159212,5691485.794037873,5691485.794037873,0.0,0.0,0.0,0.0,0.0,0.0,0.0,0.0,0.0,0.0,0.0,0.0,0.0,0.0,0.0,0.0,0.0,0.0,0.0,0.0,0.0,0.0,0.0,0.0,0.0,0.0,0.0,0.0,0.0,0.0,0.0,0.0,0.0,0.0249610562437955,0.0249610562437955,0.0249610562437955,-0.0002763532964448,-0.0002763532964448,-0.0002763532964448,0.0252374095402404,0.0252374095402404,0.0252374095402404,0.0,0.0,0.0,5833551.291053616
2024-06-13,5702041.439813884,5758575.442946471,5934816.350464956,5702041.439813884,5702041.439813884,0.0,0.0,0.0,0.0,0.0,0.0,0.0,0.0,0.0,0.0,0.0,0.0,0.0,0.0,0.0,0.0,0.0,0.0,0.0,0.0,0.0,0.0,0.0,0.0,0.0,0.0,0.0,0.0,0.0,0.0,0.0,0.0,0.0,0.0253492686263462,0.0253492686263462,0.0253492686263462,-3.356731100102961e-05,-3.356731100102961e-05,-3.356731100102961e-05,0.0253828359373472,0.0253828359373472,0.0253828359373472,0.0,0.0,0.0,5846584.019990284
2024-06-14,5712597.085589895,5771334.475929926,5953945.502214115,5712597.085589895,5712597.085589895,0.0,0.0,0.0,0.0,0.0,0.0,0.0,0.0,0.0,0.0,0.0,0.0,0.0,0.0,0.0,0.0,0.0,0.0,0.0,0.0,0.0,0.0,0.0,0.0,0.0,0.0,0.0,0.0,0.0,0.0,0.0,0.0,0.0,0.0255321914270687,0.0255321914270687,0.0255321914270687,-4.983770822732456e-06,-4.983770822732456e-06,-4.983770822732456e-06,0.0255371751978914,0.0255371751978914,0.0255371751978914,0.0,0.0,0.0,5858452.207924891
2024-06-15,5723152.732499159,5782986.043339512,5960597.5002838895,5723152.732499159,5723152.732499159,0.0,0.0,0.0,0.0,0.0,0.0,0.0,0.0,0.0,0.0,0.0,0.0,0.0,0.0,0.0,0.0,0.0,0.0,0.0,0.0,0.0,0.0,0.0,0.0,0.0,0.0,0.0,0.0,0.0,0.0,0.0,0.0,0.0,0.0263544239026808,0.0263544239026808,0.0263544239026808,0.0006527986307439,0.0006527986307439,0.0006527986307439,0.0257016252719369,0.0257016252719369,0.0257016252719369,0.0,0.0,0.0,5873983.125671228
2024-06-16,5733708.379408422,5802166.096705564,5980799.857591916,5733708.379408422,5733708.379408422,0.0,0.0,0.0,0.0,0.0,0.0,0.0,0.0,0.0,0.0,0.0,0.0,0.0,0.0,0.0,0.0,0.0,0.0,0.0,0.0,0.0,0.0,0.0,0.0,0.0,0.0,0.0,0.0,0.0,0.0,0.0,0.0,0.0,0.0271705857762208,0.0271705857762208,0.0271705857762208,0.0012943274964931,0.0012943274964931,0.0012943274964931,0.0258762582797277,0.0258762582797277,0.0258762582797277,0.0,0.0,0.0,5889496.594746974
2024-06-17,5744264.026317687,5800283.788907907,5978248.621621537,5744264.026317687,5744264.026317687,0.0,0.0,0.0,0.0,0.0,0.0,0.0,0.0,0.0,0.0,0.0,0.0,0.0,0.0,0.0,0.0,0.0,0.0,0.0,0.0,0.0,0.0,0.0,0.0,0.0,0.0,0.0,0.0,0.0,0.0,0.0,0.0,0.0,0.0253606392168592,0.0253606392168592,0.0253606392168592,-0.0006993391191679,-0.0006993391191679,-0.0006993391191679,0.0260599783360271,0.0260599783360271,0.0260599783360271,0.0,0.0,0.0,5889942.233855513
2024-06-18,5754819.67322695,5814545.266347859,5988783.557642248,5754819.67322695,5754819.67322695,0.0,0.0,0.0,0.0,0.0,0.0,0.0,0.0,0.0,0.0,0.0,0.0,0.0,0.0,0.0,0.0,0.0,0.0,0.0,0.0,0.0,0.0,0.0,0.0,0.0,0.0,0.0,0.0,0.0,0.0,0.0,0.0,0.0,0.0253176344658729,0.0253176344658729,0.0253176344658729,-0.0009328826298031,-0.0009328826298031,-0.0009328826298031,0.026250517095676,0.026250517095676,0.026250517095676,0.0,0.0,0.0,5900518.094130725
2024-06-19,5765375.320136214,5828440.464823045,5997632.338495572,5765375.320136214,5765375.320136214,0.0,0.0,0.0,0.0,0.0,0.0,0.0,0.0,0.0,0.0,0.0,0.0,0.0,0.0,0.0,0.0,0.0,0.0,0.0,0.0,0.0,0.0,0.0,0.0,0.0,0.0,0.0,0.0,0.0,0.0,0.0,0.0,0.0,0.0261681138110674,0.0261681138110674,0.0261681138110674,-0.0002763532964439,-0.0002763532964439,-0.0002763532964439,0.0264444671075113,0.0264444671075113,0.0264444671075113,0.0,0.0,0.0,5916244.317677057
2024-06-20,5775930.967045477,5841308.124354519,6015110.264115734,5775930.967045477,5775930.967045477,0.0,0.0,0.0,0.0,0.0,0.0,0.0,0.0,0.0,0.0,0.0,0.0,0.0,0.0,0.0,0.0,0.0,0.0,0.0,0.0,0.0,0.0,0.0,0.0,0.0,0.0,0.0,0.0,0.0,0.0,0.0,0.0,0.0,0.0266037846299688,0.0266037846299688,0.0266037846299688,-3.356731099996341e-05,-3.356731099996341e-05,-3.356731099996341e-05,0.0266373519409687,0.0266373519409687,0.0266373519409687,0.0,0.0,0.0,5929592.590530321
2024-06-21,5786486.6139547415,5851052.68107653,6022842.962316073,5786486.6139547415,5786486.6139547415,0.0,0.0,0.0,0.0,0.0,0.0,0.0,0.0,0.0,0.0,0.0,0.0,0.0,0.0,0.0,0.0,0.0,0.0,0.0,0.0,0.0,0.0,0.0,0.0,0.0,0.0,0.0,0.0,0.0,0.0,0.0,0.0,0.0,0.0268187471900014,0.0268187471900014,0.0268187471900014,-4.983770822064208e-06,-4.983770822064208e-06,-4.983770822064208e-06,0.0268237309608235,0.0268237309608235,0.0268237309608235,0.0,0.0,0.0,5941672.935572721
2024-06-22,5797042.2608640045,5877256.468297244,6048875.978872918,5797042.2608640045,5797042.2608640045,0.0,0.0,0.0,0.0,0.0,0.0,0.0,0.0,0.0,0.0,0.0,0.0,0.0,0.0,0.0,0.0,0.0,0.0,0.0,0.0,0.0,0.0,0.0,0.0,0.0,0.0,0.0,0.0,0.0,0.0,0.0,0.0,0.0,0.0276501342332062,0.0276501342332062,0.0276501342332062,0.0006527986307454,0.0006527986307454,0.0006527986307454,0.0269973356024607,0.0269973356024607,0.0269973356024607,0.0,0.0,0.0,5957331.257532463
2024-06-23,5807597.907773268,5885804.950043643,6062612.17566286,5807597.907773268,5807597.907773268,0.0,0.0,0.0,0.0,0.0,0.0,0.0,0.0,0.0,0.0,0.0,0.0,0.0,0.0,0.0,0.0,0.0,0.0,0.0,0.0,0.0,0.0,0.0,0.0,0.0,0.0,0.0,0.0,0.0,0.0,0.0,0.0,0.0,0.0284455605688489,0.0284455605688489,0.0284455605688489,0.0012943274964959,0.0012943274964959,0.0012943274964959,0.027151233072353,0.027151233072353,0.027151233072353,0.0,0.0,0.0,5972798.285818353
2024-06-24,5818153.554682531,5885482.941713012,6063605.4887510985,5818153.554682531,5818153.554682531,0.0,0.0,0.0,0.0,0.0,0.0,0.0,0.0,0.0,0.0,0.0,0.0,0.0,0.0,0.0,0.0,0.0,0.0,0.0,0.0,0.0,0.0,0.0,0.0,0.0,0.0,0.0,0.0,0.0,0.0,0.0,0.0,0.0,0.0265786734740814,0.0265786734740814,0.0265786734740814,-0.0006993391191689,-0.0006993391191689,-0.0006993391191689,0.0272780125932503,0.0272780125932503,0.0272780125932503,0.0,0.0,0.0,5972792.358234504
2024-06-25,5828709.201591796,5889670.374521521,6075327.8114520805,5828709.201591796,5828709.201591796,0.0,0.0,0.0,0.0,0.0,0.0,0.0,0.0,0.0,0.0,0.0,0.0,0.0,0.0,0.0,0.0,0.0,0.0,0.0,0.0,0.0,0.0,0.0,0.0,0.0,0.0,0.0,0.0,0.0,0.0,0.0,0.0,0.0,0.0264371060241269,0.0264371060241269,0.0264371060241269,-0.0009328826298018,-0.0009328826298018,-0.0009328826298018,0.0273699886539288,0.0273699886539288,0.0273699886539288,0.0,0.0,0.0,5982803.404738084
2024-06-26,5839264.84850106,5912762.322782477,6083730.1316063,5839264.84850106,5839264.84850106,0.0,0.0,0.0,0.0,0.0,0.0,0.0,0.0,0.0,0.0,0.0,0.0,0.0,0.0,0.0,0.0,0.0,0.0,0.0,0.0,0.0,0.0,0.0,0.0,0.0,0.0,0.0,0.0,0.0,0.0,0.0,0.0,0.0,0.0271430619320058,0.0271430619320058,0.0271430619320058,-0.0002763532964445,-0.0002763532964445,-0.0002763532964445,0.0274194152284504,0.0274194152284504,0.0274194152284504,0.0,0.0,0.0,5997760.375921309
2024-06-27,5849820.495410323,5923209.797683408,6097690.999788317,5849820.495410323,5849820.495410323,0.0,0.0,0.0,0.0,0.0,0.0,0.0,0.0,0.0,0.0,0.0,0.0,0.0,0.0,0.0,0.0,0.0,0.0,0.0,0.0,0.0,0.0,0.0,0.0,0.0,0.0,0.0,0.0,0.0,0.0,0.0,0.0,0.0,0.0273851373026709,0.0273851373026709,0.0273851373026709,-3.356731100231354e-05,-3.356731100231354e-05,-3.356731100231354e-05,0.0274187046136732,0.0274187046136732,0.0274187046136732,0.0,0.0,0.0,6010018.632873114
2024-06-28,5860376.142319588,5931412.973941302,6112277.136451063,5860376.142319588,5860376.142319588,0.0,0.0,0.0,0.0,0.0,0.0,0.0,0.0,0.0,0.0,0.0,0.0,0.0,0.0,0.0,0.0,0.0,0.0,0.0,0.0,0.0,0.0,0.0,0.0,0.0,0.0,0.0,0.0,0.0,0.0,0.0,0.0,0.0,0.0273556606343769,0.0273556606343769,0.0273556606343769,-4.983770821396068e-06,-4.983770821396068e-06,-4.983770821396068e-06,0.0273606444051983,0.0273606444051983,0.0273606444051983,0.0,0.0,0.0,6020690.603258682
2024-06-29,5870931.789228851,5943849.308070731,6121041.614201474,5870931.789228851,5870931.789228851,0.0,0.0,0.0,0.0,0.0,0.0,0.0,0.0,0.0,0.0,0.0,0.0,0.0,0.0,0.0,0.0,0.0,0.0,0.0,0.0,0.0,0.0,0.0,0.0,0.0,0.0,0.0,0.0,0.0,0.0,0.0,0.0,0.0,0.0278914048250964,0.0278914048250964,0.0278914048250964,0.0006527986307407,0.0006527986307407,0.0006527986307407,0.0272386061943557,0.0272386061943557,0.0272386061943557,0.0,0.0,0.0,6034680.32446276
2024-06-30,5881487.436138115,5960953.232690576,6133845.148227867,5881487.436138115,5881487.436138115,0.0,0.0,0.0,0.0,0.0,0.0,0.0,0.0,0.0,0.0,0.0,0.0,0.0,0.0,0.0,0.0,0.0,0.0,0.0,0.0,0.0,0.0,0.0,0.0,0.0,0.0,0.0,0.0,0.0,0.0,0.0,0.0,0.0,0.0283410673164643,0.0283410673164643,0.0283410673164643,0.0012943274964953,0.0012943274964953,0.0012943274964953,0.027046739819969,0.027046739819969,0.027046739819969,0.0,0.0,0.0,6048175.067486645
2024-07-01,5892043.083047378,5958205.868056339,6128825.257619813,5892043.083047378,5892043.083047378,0.0,0.0,0.0,0.0,0.0,0.0,0.0,0.0,0.0,0.0,0.0,0.0,0.0,0.0,0.0,0.0,0.0,0.0,0.0,0.0,0.0,0.0,0.0,0.0,0.0,0.0,0.0,0.0,0.0,0.0,0.0,0.0,0.0,0.0260808083215966,0.0260808083215966,0.0260808083215966,-0.0006993391191705,-0.0006993391191705,-0.0006993391191705,0.0267801474407672,0.0267801474407672,0.0267801474407672,0.0,0.0,0.0,6045712.329318926
2024-07-02,5902598.729956643,5966392.103179923,6136832.884237618,5902598.729956643,5902598.729956643,0.0,0.0,0.0,0.0,0.0,0.0,0.0,0.0,0.0,0.0,0.0,0.0,0.0,0.0,0.0,0.0,0.0,0.0,0.0,0.0,0.0,0.0,0.0,0.0,0.0,0.0,0.0,0.0,0.0,0.0,0.0,0.0,0.0,0.0255021496645084,0.0255021496645084,0.0255021496645084,-0.0009328826298017,-0.0009328826298017,-0.0009328826298017,0.0264350322943102,0.0264350322943102,0.0264350322943102,0.0,0.0,0.0,6053127.686177535
2024-07-03,5913154.376865906,5979858.943491135,6157948.056054464,5913154.376865906,5913154.376865906,0.0,0.0,0.0,0.0,0.0,0.0,0.0,0.0,0.0,0.0,0.0,0.0,0.0,0.0,0.0,0.0,0.0,0.0,0.0,0.0,0.0,0.0,0.0,0.0,0.0,0.0,0.0,0.0,0.0,0.0,0.0,0.0,0.0,0.0257324644618111,0.0257324644618111,0.0257324644618111,-0.0002763532964451,-0.0002763532964451,-0.0002763532964451,0.0260088177582563,0.0260088177582563,0.0260088177582563,0.0,0.0,0.0,6065314.411725811
2024-07-04,5923710.02377517,5983732.827253241,6161390.088290095,5923710.02377517,5923710.02377517,0.0,0.0,0.0,0.0,0.0,0.0,0.0,0.0,0.0,0.0,0.0,0.0,0.0,0.0,0.0,0.0,0.0,0.0,0.0,0.0,0.0,0.0,0.0,0.0,0.0,0.0,0.0,0.0,0.0,0.0,0.0,0.0,0.0,0.0254666658963632,0.0254666658963632,0.0254666658963632,-3.35673109998533e-05,-3.35673109998533e-05,-3.35673109998533e-05,0.0255002332073631,0.0255002332073631,0.0255002332073631,0.0,0.0,0.0,6074567.167817589
2024-07-05,5934265.670684433,5993697.013095671,6166700.320595783,5934265.670684433,5934265.670684433,0.0,0.0,0.0,0.0,0.0,0.0,0.0,0.0,0.0,0.0,0.0,0.0,0.0,0.0,0.0,0.0,0.0,0.0,0.0,0.0,0.0,0.0,0.0,0.0,0.0,0.0,0.0,0.0,0.0,0.0,0.0,0.0,0.0,0.0249043803679643,0.0249043803679643,0.0249043803679643,-4.983770820727657e-06,-4.983770820727657e-06,-4.983770820727657e-06,0.024909364138785,0.024909364138785,0.024909364138785,0.0,0.0,0.0,6082054.880151711
2024-07-06,5944821.317593697,6002822.208717434,6176339.213974836,5944821.317593697,5944821.317593697,0.0,0.0,0.0,0.0,0.0,0.0,0.0,0.0,0.0,0.0,0.0,0.0,0.0,0.0,0.0,0.0,0.0,0.0,0.0,0.0,0.0,0.0,0.0,0.0,0.0,0.0,0.0,0.0,0.0,0.0,0.0,0.0,0.0,0.024890463720712,0.024890463720712,0.024890463720712,0.0006527986307422,0.0006527986307422,0.0006527986307422,0.0242376650899698,0.0242376650899698,0.0242376650899698,0.0,0.0,0.0,6092790.67692538
2024-07-07,5955376.96450296,6009303.142057218,6188195.489265618,5955376.96450296,5955376.96450296,0.0,0.0,0.0,0.0,0.0,0.0,0.0,0.0,0.0,0.0,0.0,0.0,0.0,0.0,0.0,0.0,0.0,0.0,0.0,0.0,0.0,0.0,0.0,0.0,0.0,0.0,0.0,0.0,0.0,0.0,0.0,0.0,0.0,0.0247822624632662,0.0247822624632662,0.0247822624632662,0.0012943274964945,0.0012943274964945,0.0012943274964945,0.0234879349667717,0.0234879349667717,0.0234879349667717,0.0,0.0,0.0,6102964.679504963
2024-07-08,5965932.611412224,6015253.696710893,6187596.211076437,5965932.611412224,5965932.611412224,0.0,0.0,0.0,0.0,0.0,0.0,0.0,0.0,0.0,0.0,0.0,0.0,0.0,0.0,0.0,0.0,0.0,0.0,0.0,0.0,0.0,0.0,0.0,0.0,0.0,0.0,0.0,0.0,0.0,0.0,0.0,0.0,0.0,0.0219649163828843,0.0219649163828843,0.0219649163828843,-0.000699339119171,-0.000699339119171,-0.000699339119171,0.0226642555020553,0.0226642555020553,0.0226642555020553,0.0,0.0,0.0,6096973.822367816
2024-07-09,5976488.258321487,6006945.008166111,6192167.556705499,5976488.258321487,5976488.258321487,0.0,0.0,0.0,0.0,0.0,0.0,0.0,0.0,0.0,0.0,0.0,0.0,0.0,0.0,0.0,0.0,0.0,0.0,0.0,0.0,0.0,0.0,0.0,0.0,0.0,0.0,0.0,0.0,0.0,0.0,0.0,0.0,0.0,0.0208390120147409,0.0208390120147409,0.0208390120147409,-0.0009328826298047,-0.0009328826298047,-0.0009328826298047,0.0217718946445457,0.0217718946445457,0.0217718946445457,0.0,0.0,0.0,6101032.368942607
2024-07-10,5987043.905230751,6020597.6271217605,6198892.091396295,5987043.905230751,5987043.905230751,0.0,0.0,0.0,0.0,0.0,0.0,0.0,0.0,0.0,0.0,0.0,0.0,0.0,0.0,0.0,0.0,0.0,0.0,0.0,0.0,0.0,0.0,0.0,0.0,0.0,0.0,0.0,0.0,0.0,0.0,0.0,0.0,0.0,0.0205408244058491,0.0205408244058491,0.0205408244058491,-0.0002763532964425,-0.0002763532964425,-0.0002763532964425,0.0208171777022917,0.0208171777022917,0.0208171777022917,0.0,0.0,0.0,6110022.722798206
2024-07-11,5997599.552140016,6027327.5070342,6207505.88841923,5997599.552140016,5997599.552140016,0.0,0.0,0.0,0.0,0.0,0.0,0.0,0.0,0.0,0.0,0.0,0.0,0.0,0.0,0.0,0.0,0.0,0.0,0.0,0.0,0.0,0.0,0.0,0.0,0.0,0.0,0.0,0.0,0.0,0.0,0.0,0.0,0.0,0.019773762693886,0.019773762693886,0.019773762693886,-3.356731100049527e-05,-3.356731100049527e-05,-3.356731100049527e-05,0.0198073300048865,0.0198073300048865,0.0198073300048865,0.0,0.0,0.0,6116194.66241699
2024-07-12,6008155.199049279,6034665.233467269,6205001.86797676,6008155.199049279,6008155.199049279,0.0,0.0,0.0,0.0,0.0,0.0,0.0,0.0,0.0,0.0,0.0,0.0,0.0,0.0,0.0,0.0,0.0,0.0,0.0,0.0,0.0,0.0,0.0,0.0,0.0,0.0,0.0,0.0,0.0,0.0,0.0,0.0,0.0,0.0187453119049388,0.0187453119049388,0.0187453119049388,-4.983770821519911e-06,-4.983770821519911e-06,-4.983770821519911e-06,0.0187502956757603,0.0187502956757603,0.0187502956757603,0.0,0.0,0.0,6120779.942228737
2024-07-13,6018710.845958542,6035643.501392269,6217139.089644023,6018710.845958542,6018710.845958542,0.0,0.0,0.0,0.0,0.0,0.0,0.0,0.0,0.0,0.0,0.0,0.0,0.0,0.0,0.0,0.0,0.0,0.0,0.0,0.0,0.0,0.0,0.0,0.0,0.0,0.0,0.0,0.0,0.0,0.0,0.0,0.0,0.0,0.0183073364272515,0.0183073364272515,0.0183073364272515,0.0006527986307428,0.0006527986307428,0.0006527986307428,0.0176545377965087,0.0176545377965087,0.0176545377965087,0.0,0.0,0.0,6128897.410273853
2024-07-14,6030079.223843298,6059211.814639397,6227519.678448773,6030079.223843298,6030079.223843298,0.0,0.0,0.0,0.0,0.0,0.0,0.0,0.0,0.0,0.0,0.0,0.0,0.0,0.0,0.0,0.0,0.0,0.0,0.0,0.0,0.0,0.0,0.0,0.0,0.0,0.0,0.0,0.0,0.0,0.0,0.0,0.0,0.0,0.0178231532754909,0.0178231532754909,0.0178231532754909,0.0012943274964936,0.0012943274964936,0.0012943274964936,0.0165288257789972,0.0165288257789972,0.0165288257789972,0.0,0.0,0.0,6137554.25011321
2024-07-15,6041447.601728055,6042937.230880293,6220359.97519619,6041447.601728055,6041447.601728055,0.0,0.0,0.0,0.0,0.0,0.0,0.0,0.0,0.0,0.0,0.0,0.0,0.0,0.0,0.0,0.0,0.0,0.0,0.0,0.0,0.0,0.0,0.0,0.0,0.0,0.0,0.0,0.0,0.0,0.0,0.0,0.0,0.0,0.014682677003446,0.014682677003446,0.014682677003446,-0.0006993391191662,-0.0006993391191662,-0.0006993391191662,0.0153820161226122,0.0153820161226122,0.0153820161226122,0.0,0.0,0.0,6130152.225497471
2024-07-16,6052815.979612811,6048921.759539478,6226904.610931122,6052815.979612811,6052815.979612811,0.0,0.0,0.0,0.0,0.0,0.0,0.0,0.0,0.0,0.0,0.0,0.0,0.0,0.0,0.0,0.0,0.0,0.0,0.0,0.0,0.0,0.0,0.0,0.0,0.0,0.0,0.0,0.0,0.0,0.0,0.0,0.0,0.0,0.0132899502830043,0.0132899502830043,0.0132899502830043,-0.0009328826298047,-0.0009328826298047,-0.0009328826298047,0.014222832912809,0.014222832912809,0.014222832912809,0.0,0.0,0.0,6133257.603054039
2024-07-17,6064184.357497567,6056490.714347591,6228774.069149035,6064184.357497567,6064184.357497567,0.0,0.0,0.0,0.0,0.0,0.0,0.0,0.0,0.0,0.0,0.0,0.0,0.0,0.0,0.0,0.0,0.0,0.0,0.0,0.0,0.0,0.0,0.0,0.0,0.0,0.0,0.0,0.0,0.0,0.0,0.0,0.0,0.0,0.0127833011118499,0.0127833011118499,0.0127833011118499,-0.0002763532964432,-0.0002763532964432,-0.0002763532964432,0.0130596544082931,0.0130596544082931,0.0130596544082931,0.0,0.0,0.0,6141704.652137228
2024-07-18,6075552.735382323,6058325.1253908975,6232471.945794371,6075552.735382323,6075552.735382323,0.0,0.0,0.0,0.0,0.0,0.0,0.0,0.0,0.0,0.0,0.0,0.0,0.0,0.0,0.0,0.0,0.0,0.0,0.0,0.0,0.0,0.0,0.0,0.0,0.0,0.0,0.0,0.0,0.0,0.0,0.0,0.0,0.0,0.0118667445572836,0.0118667445572836,0.0118667445572836,-3.356731099942908e-05,-3.356731099942908e-05,-3.356731099942908e-05,0.011900311868283,0.011900311868283,0.011900311868283,0.0,0.0,0.0,6147649.767737412
2024-07-19,6086921.113267079,6066298.683592714,6239245.843811581,6086921.113267079,6086921.113267079,0.0,0.0,0.0,0.0,0.0,0.0,0.0,0.0,0.0,0.0,0.0,0.0,0.0,0.0,0.0,0.0,0.0,0.0,0.0,0.0,0.0,0.0,0.0,0.0,0.0,0.0,0.0,0.0,0.0,0.0,0.0,0.0,0.0,0.0107469226231924,0.0107469226231924,0.0107469226231924,-4.983770819391188e-06,-4.983770819391188e-06,-4.983770819391188e-06,0.0107519063940118,0.0107519063940118,0.0107519063940118,0.0,0.0,0.0,6152336.783484837
2024-07-20,6098289.491151836,6067469.494091028,6249320.712371096,6098289.491151836,6098289.491151836,0.0,0.0,0.0,0.0,0.0,0.0,0.0,0.0,0.0,0.0,0.0,0.0,0.0,0.0,0.0,0.0,0.0,0.0,0.0,0.0,0.0,0.0,0.0,0.0,0.0,0.0,0.0,0.0,0.0,0.0,0.0,0.0,0.0,0.0102734476425848,0.0102734476425848,0.0102734476425848,0.000652798630739,0.000652798630739,0.000652798630739,0.0096206490118458,0.0096206490118458,0.0096206490118458,0.0,0.0,0.0,6160939.948948509
2024-07-21,6109657.869036592,6083192.212228899,6257683.6149537,6109657.869036592,6109657.869036592,0.0,0.0,0.0,0.0,0.0,0.0,0.0,0.0,0.0,0.0,0.0,0.0,0.0,0.0,0.0,0.0,0.0,0.0,0.0,0.0,0.0,0.0,0.0,0.0,0.0,0.0,0.0,0.0,0.0,0.0,0.0,0.0,0.0,0.009806056021436,0.009806056021436,0.009806056021436,0.0012943274964932,0.0012943274964932,0.0012943274964932,0.0085117285249427,0.0085117285249427,0.0085117285249427,0.0,0.0,0.0,6169569.516372171
2024-07-22,6121026.246921347,6067612.896135499,6251933.880915391,6121026.246921347,6121026.246921347,0.0,0.0,0.0,0.0,0.0,0.0,0.0,0.0,0.0,0.0,0.0,0.0,0.0,0.0,0.0,0.0,0.0,0.0,0.0,0.0,0.0,0.0,0.0,0.0,0.0,0.0,0.0,0.0,0.0,0.0,0.0,0.0,0.0,0.0067298717084648,0.0067298717084648,0.0067298717084648,-0.0006993391191672,-0.0006993391191672,-0.0006993391191672,0.0074292108276321,0.0074292108276321,0.0074292108276321,0.0,0.0,0.0,6162219.968287275
2024-07-23,6132394.624806104,6084929.0378146805,6250807.888612277,6132394.624806104,6132394.624806104,0.0,0.0,0.0,0.0,0.0,0.0,0.0,0.0,0.0,0.0,0.0,0.0,0.0,0.0,0.0,0.0,0.0,0.0,0.0,0.0,0.0,0.0,0.0,0.0,0.0,0.0,0.0,0.0,0.0,0.0,0.0,0.0,0.0,0.0054430898060318,0.0054430898060318,0.0054430898060318,-0.0009328826298034,-0.0009328826298034,-0.0009328826298034,0.0063759724358352,0.0063759724358352,0.0063759724358352,0.0,0.0,0.0,6165773.799474951
2024-07-24,6143763.00269086,6084375.49640935,6264794.588816099,6143763.00269086,6143763.00269086,0.0,0.0,0.0,0.0,0.0,0.0,0.0,0.0,0.0,0.0,0.0,0.0,0.0,0.0,0.0,0.0,0.0,0.0,0.0,0.0,0.0,0.0,0.0,0.0,0.0,0.0,0.0,0.0,0.0,0.0,0.0,0.0,0.0,0.00507731666987,0.00507731666987,0.00507731666987,-0.0002763532964422,-0.0002763532964422,-0.0002763532964422,0.0053536699663123,0.0053536699663123,0.0053536699663123,0.0,0.0,0.0,6174956.833000153
2024-07-25,6155131.380575616,6093337.478840622,6267285.446338796,6155131.380575616,6155131.380575616,0.0,0.0,0.0,0.0,0.0,0.0,0.0,0.0,0.0,0.0,0.0,0.0,0.0,0.0,0.0,0.0,0.0,0.0,0.0,0.0,0.0,0.0,0.0,0.0,0.0,0.0,0.0,0.0,0.0,0.0,0.0,0.0,0.0,0.00432917891636,0.00432917891636,0.00432917891636,-3.356731099836288e-05,-3.356731099836288e-05,-3.356731099836288e-05,0.0043627462273584,0.0043627462273584,0.0043627462273584,0.0,0.0,0.0,6181778.045575831
2024-07-26,6166499.758460373,6094351.5251301965,6273615.36599782,6166499.758460373,6166499.758460373,0.0,0.0,0.0,0.0,0.0,0.0,0.0,0.0,0.0,0.0,0.0,0.0,0.0,0.0,0.0,0.0,0.0,0.0,0.0,0.0,0.0,0.0,0.0,0.0,0.0,0.0,0.0,0.0,0.0,0.0,0.0,0.0,0.0,0.0033974887243716,0.0033974887243716,0.0033974887243716,-4.983770822032847e-06,-4.983770822032847e-06,-4.983770822032847e-06,0.0034024724951936,0.0034024724951936,0.0034024724951936,0.0,0.0,0.0,6187450.371858583
2024-07-27,6177868.1363451285,6109180.850717127,6287261.880120174,6177868.1363451285,6177868.1363451285,0.0,0.0,0.0,0.0,0.0,0.0,0.0,0.0,0.0,0.0,0.0,0.0,0.0,0.0,0.0,0.0,0.0,0.0,0.0,0.0,0.0,0.0,0.0,0.0,0.0,0.0,0.0,0.0,0.0,0.0,0.0,0.0,0.0,0.0031238241071705,0.0031238241071705,0.0031238241071705,0.0006527986307395,0.0006527986307395,0.0006527986307395,0.0024710254764309,0.0024710254764309,0.0024710254764309,0.0,0.0,0.0,6197166.709760364
2024-07-28,6189236.514229884,6120727.569434214,6291564.819852515,6189236.514229884,6189236.514229884,0.0,0.0,0.0,0.0,0.0,0.0,0.0,0.0,0.0,0.0,0.0,0.0,0.0,0.0,0.0,0.0,0.0,0.0,0.0,0.0,0.0,0.0,0.0,0.0,0.0,0.0,0.0,0.0,0.0,0.0,0.0,0.0,0.0,0.0028599239255794,0.0028599239255794,0.0028599239255794,0.0012943274964924,0.0012943274964924,0.0012943274964924,0.001565596429087,0.001565596429087,0.001565596429087,0.0,0.0,0.0,6206937.259818001
2024-07-29,6200604.892114641,6116990.286091747,6285005.653679536,6200604.892114641,6200604.892114641,0.0,0.0,0.0,0.0,0.0,0.0,0.0,0.0,0.0,0.0,0.0,0.0,0.0,0.0,0.0,0.0,0.0,0.0,0.0,0.0,0.0,0.0,0.0,0.0,0.0,0.0,0.0,0.0,0.0,0.0,0.0,0.0,0.0,-1.6810156322925846e-05,-1.6810156322925846e-05,-1.6810156322925846e-05,-0.0006993391191688,-0.0006993391191688,-0.0006993391191688,0.0006825289628459,0.0006825289628459,0.0006825289628459,0.0,0.0,0.0,6200500.658977108
2024-07-30,6211973.269999396,6118767.550202585,6292807.541842564,6211973.269999396,6211973.269999396,0.0,0.0,0.0,0.0,0.0,0.0,0.0,0.0,0.0,0.0,0.0,0.0,0.0,0.0,0.0,0.0,0.0,0.0,0.0,0.0,0.0,0.0,0.0,0.0,0.0,0.0,0.0,0.0,0.0,0.0,0.0,0.0,0.0,-0.0011154014374136,-0.0011154014374136,-0.0011154014374136,-0.0009328826298033,-0.0009328826298033,-0.0009328826298033,-0.0001825188076103,-0.0001825188076103,-0.0001825188076103,0.0,0.0,0.0,6205044.426084863
2024-07-31,6223341.647884152,6131299.477027735,6307340.647255949,6223341.647884152,6223341.647884152,0.0,0.0,0.0,0.0,0.0,0.0,0.0,0.0,0.0,0.0,0.0,0.0,0.0,0.0,0.0,0.0,0.0,0.0,0.0,0.0,0.0,0.0,0.0,0.0,0.0,0.0,0.0,0.0,0.0,0.0,0.0,0.0,0.0,-0.0013107460965257,-0.0013107460965257,-0.0013107460965257,-0.0002763532964446,-0.0002763532964446,-0.0002763532964446,-0.001034392800081,-0.001034392800081,-0.001034392800081,0.0,0.0,0.0,6215184.427111842
2024-08-01,6234710.025768909,6136008.315857334,6312069.454107251,6234710.025768909,6234710.025768909,0.0,0.0,0.0,0.0,0.0,0.0,0.0,0.0,0.0,0.0,0.0,0.0,0.0,0.0,0.0,0.0,0.0,0.0,0.0,0.0,0.0,0.0,0.0,0.0,0.0,0.0,0.0,0.0,0.0,0.0,0.0,0.0,0.0,-0.0019118151147369,-0.0019118151147369,-0.0019118151147369,-3.356731100071301e-05,-3.356731100071301e-05,-3.356731100071301e-05,-0.0018782478037362,-0.0018782478037362,-0.0018782478037362,0.0,0.0,0.0,6222790.412905642
2024-08-02,6246078.4036536645,6135572.564344047,6312148.141094803,6246078.4036536645,6246078.4036536645,0.0,0.0,0.0,0.0,0.0,0.0,0.0,0.0,0.0,0.0,0.0,0.0,0.0,0.0,0.0,0.0,0.0,0.0,0.0,0.0,0.0,0.0,0.0,0.0,0.0,0.0,0.0,0.0,0.0,0.0,0.0,0.0,0.0,-0.0027243284003097,-0.0027243284003097,-0.0027243284003097,-4.983770819904097e-06,-4.983770819904097e-06,-4.983770819904097e-06,-0.0027193446294898,-0.0027193446294898,-0.0027193446294898,0.0,0.0,0.0,6229062.034868029
2024-08-03,6257446.78153842,6146350.886781747,6318160.864216742,6257446.78153842,6257446.78153842,0.0,0.0,0.0,0.0,0.0,0.0,0.0,0.0,0.0,0.0,0.0,0.0,0.0,0.0,0.0,0.0,0.0,0.0,0.0,0.0,0.0,0.0,0.0,0.0,0.0,0.0,0.0,0.0,0.0,0.0,0.0,0.0,0.0,-0.002910047171355,-0.002910047171355,-0.002910047171355,0.0006527986307411,0.0006527986307411,0.0006527986307411,-0.0035628458020961,-0.0035628458020961,-0.0035628458020961,0.0,0.0,0.0,6239237.3162319
2024-08-04,6268815.159423177,6161475.549289347,6339030.561502421,6268815.159423177,6268815.159423177,0.0,0.0,0.0,0.0,0.0,0.0,0.0,0.0,0.0,0.0,0.0,0.0,0.0,0.0,0.0,0.0,0.0,0.0,0.0,0.0,0.0,0.0,0.0,0.0,0.0,0.0,0.0,0.0,0.0,0.0,0.0,0.0,0.0,-0.0031192885619745,-0.0031192885619745,-0.0031192885619745,0.0012943274964918,0.0012943274964918,0.0012943274964918,-0.0044136160584663,-0.0044136160584663,-0.0044136160584663,0.0,0.0,0.0,6249260.915999256
2024-08-05,6280183.537307933,6156447.864476925,6330624.754553159,6280183.537307933,6280183.537307933,0.0,0.0,0.0,0.0,0.0,0.0,0.0,0.0,0.0,0.0,0.0,0.0,0.0,0.0,0.0,0.0,0.0,0.0,0.0,0.0,0.0,0.0,0.0,0.0,0.0,0.0,0.0,0.0,0.0,0.0,0.0,0.0,0.0,-0.0059753728838023,-0.0059753728838023,-0.0059753728838023,-0.0006993391191704,-0.0006993391191704,-0.0006993391191704,-0.0052760337646318,-0.0052760337646318,-0.0052760337646318,0.0,0.0,0.0,6242657.098893802
2024-08-06,6291551.915192689,6154530.101947226,6340117.361946986,6291551.915192689,6291551.915192689,0.0,0.0,0.0,0.0,0.0,0.0,0.0,0.0,0.0,0.0,0.0,0.0,0.0,0.0,0.0,0.0,0.0,0.0,0.0,0.0,0.0,0.0,0.0,0.0,0.0,0.0,0.0,0.0,0.0,0.0,0.0,0.0,0.0,-0.0070867016588407,-0.0070867016588407,-0.0070867016588407,-0.0009328826298021,-0.0009328826298021,-0.0009328826298021,-0.0061538190290386,-0.0061538190290386,-0.0061538190290386,0.0,0.0,0.0,6246965.563798609
2024-08-07,6302920.293077446,6167872.956485668,6343371.04471529,6302920.293077446,6302920.293077446,0.0,0.0,0.0,0.0,0.0,0.0,0.0,0.0,0.0,0.0,0.0,0.0,0.0,0.0,0.0,0.0,0.0,0.0,0.0,0.0,0.0,0.0,0.0,0.0,0.0,0.0,0.0,0.0,0.0,0.0,0.0,0.0,0.0,-0.0073262370795596,-0.0073262370795596,-0.0073262370795596,-0.0002763532964436,-0.0002763532964436,-0.0002763532964436,-0.007049883783116,-0.007049883783116,-0.007049883783116,0.0,0.0,0.0,6256743.604716793
2024-08-08,6314288.670962201,6179926.829286743,6350252.189763989,6314288.670962201,6314288.670962201,0.0,0.0,0.0,0.0,0.0,0.0,0.0,0.0,0.0,0.0,0.0,0.0,0.0,0.0,0.0,0.0,0.0,0.0,0.0,0.0,0.0,0.0,0.0,0.0,0.0,0.0,0.0,0.0,0.0,0.0,0.0,0.0,0.0,-0.0079997757466896,-0.0079997757466896,-0.0079997757466896,-3.356731099964682e-05,-3.356731099964682e-05,-3.356731099964682e-05,-0.0079662084356899,-0.0079662084356899,-0.0079662084356899,0.0,0.0,0.0,6263775.777594641
2024-08-09,6325657.048846958,6177514.538649756,6355594.45362723,6325657.048846958,6325657.048846958,0.0,0.0,0.0,0.0,0.0,0.0,0.0,0.0,0.0,0.0,0.0,0.0,0.0,0.0,0.0,0.0,0.0,0.0,0.0,0.0,0.0,0.0,0.0,0.0,0.0,0.0,0.0,0.0,0.0,0.0,0.0,0.0,0.0,-0.0089087326768692,-0.0089087326768692,-0.0089087326768692,-4.983770820696351e-06,-4.983770820696351e-06,-4.983770820696351e-06,-0.0089037489060485,-0.0089037489060485,-0.0089037489060485,0.0,0.0,0.0,6269303.461193227
2024-08-10,6337025.426731714,6189745.050675111,6371250.24654298,6337025.426731714,6337025.426731714,0.0,0.0,0.0,0.0,0.0,0.0,0.0,0.0,0.0,0.0,0.0,0.0,0.0,0.0,0.0,0.0,0.0,0.0,0.0,0.0,0.0,0.0,0.0,0.0,0.0,0.0,0.0,0.0,0.0,0.0,0.0,0.0,0.0,-0.0092095782935767,-0.0092095782935767,-0.0092095782935767,0.0006527986307416,0.0006527986307416,0.0006527986307416,-0.0098623769243184,-0.0098623769243184,-0.0098623769243184,0.0,0.0,0.0,6278664.094915842
2024-08-11,6348393.80461647,6196311.671165326,6374818.22744472,6348393.80461647,6348393.80461647,0.0,0.0,0.0,0.0,0.0,0.0,0.0,0.0,0.0,0.0,0.0,0.0,0.0,0.0,0.0,0.0,0.0,0.0,0.0,0.0,0.0,0.0,0.0,0.0,0.0,0.0,0.0,0.0,0.0,0.0,0.0,0.0,0.0,-0.0095465279884842,-0.0095465279884842,-0.0095465279884842,0.0012943274964948,0.0012943274964948,0.0012943274964948,-0.0108408554849791,-0.0108408554849791,-0.0108408554849791,0.0,0.0,0.0,6287788.685478779
2024-08-12,6359762.182501225,6190406.111297575,6374701.204787632,6359762.182501225,6359762.182501225,0.0,0.0,0.0,0.0,0.0,0.0,0.0,0.0,0.0,0.0,0.0,0.0,0.0,0.0,0.0,0.0,0.0,0.0,0.0,0.0,0.0,0.0,0.0,0.0,0.0,0.0,0.0,0.0,0.0,0.0,0.0,0.0,0.0,-0.012536189398408,-0.012536189398408,-0.012536189398408,-0.0006993391191639,-0.0006993391191639,-0.0006993391191639,-0.011836850279244,-0.011836850279244,-0.011836850279244,0.0,0.0,0.0,6280034.999252557
2024-08-13,6371130.564194624,6191408.075128159,6376106.590802974,6371130.564194624,6371130.564194624,0.0,0.0,0.0,0.0,0.0,0.0,0.0,0.0,0.0,0.0,0.0,0.0,0.0,0.0,0.0,0.0,0.0,0.0,0.0,0.0,0.0,0.0,0.0,0.0,0.0,0.0,0.0,0.0,0.0,0.0,0.0,0.0,0.0,-0.0137798594756937,-0.0137798594756937,-0.0137798594756937,-0.0009328826298032,-0.0009328826298032,-0.0009328826298032,-0.0128469768458904,-0.0128469768458904,-0.0128469768458904,0.0,0.0,0.0,6283337.280318725
2024-08-14,6382498.945888025,6205541.080539885,6385163.476477935,6382498.945888025,6382498.945888025,0.0,0.0,0.0,0.0,0.0,0.0,0.0,0.0,0.0,0.0,0.0,0.0,0.0,0.0,0.0,0.0,0.0,0.0,0.0,0.0,0.0,0.0,0.0,0.0,0.0,0.0,0.0,0.0,0.0,0.0,0.0,0.0,0.0,-0.0141432353967835,-0.0141432353967835,-0.0141432353967835,-0.0002763532964442,-0.0002763532964442,-0.0002763532964442,-0.0138668821003392,-0.0138668821003392,-0.0138668821003392,0.0,0.0,0.0,6292229.760876608
2024-08-15,6393867.327581422,6186448.504245939,6364982.851511428,6393867.327581422,6393867.327581422,0.0,0.0,0.0,-0.0044775376,-0.0044775376,-0.0044775376,0.0,0.0,0.0,0.0,0.0,0.0,0.0,0.0,0.0,0.0,0.0,0.0,0.0,0.0,0.0,0.0,0.0,0.0,0.0,0.0,0.0,0.0,0.0,0.0,-0.0044775376,-0.0044775376,-0.0044775376,-0.0194024627713429,-0.0194024627713429,-0.0194024627713429,-3.356731100028879e-05,-3.356731100028879e-05,-3.356731100028879e-05,-0.0148913578603426,-0.0148913578603426,-0.0148913578603426,0.0,0.0,0.0,6269810.554793118
2024-08-16,6405235.709274823,6214510.143572283,6395473.215406056,6405235.709274823,6405235.709274823,0.0,0.0,0.0,0.0,0.0,0.0,0.0,0.0,0.0,0.0,0.0,0.0,0.0,0.0,0.0,0.0,0.0,0.0,0.0,0.0,0.0,0.0,0.0,0.0,0.0,0.0,0.0,0.0,0.0,0.0,0.0,0.0,0.0,-0.0159194667850397,-0.0159194667850397,-0.0159194667850397,-4.983770821877616e-06,-4.983770821877616e-06,-4.983770821877616e-06,-0.0159144830142178,-0.0159144830142178,-0.0159144830142178,0.0,0.0,0.0,6303267.772150672
2024-08-17,6416604.090968222,6225601.106946374,6398306.244121357,6416604.090968222,6416604.090968222,0.0,0.0,0.0,0.0,0.0,0.0,0.0,0.0,0.0,0.0,0.0,0.0,0.0,0.0,0.0,0.0,0.0,0.0,0.0,0.0,0.0,0.0,0.0,0.0,0.0,0.0,0.0,0.0,0.0,0.0,0.0,0.0,0.0,-0.0162769914725104,-0.0162769914725104,-0.0162769914725104,0.0006527986307432,0.0006527986307432,0.0006527986307432,-0.0169297901032536,-0.0169297901032536,-0.0169297901032536,0.0,0.0,0.0,6312161.0808970565
2024-08-18,6427972.472661621,6234784.159614559,6407716.048962441,6427972.472661621,6427972.472661621,0.0,0.0,0.0,0.0,0.0,0.0,0.0,0.0,0.0,0.0,0.0,0.0,0.0,0.0,0.0,0.0,0.0,0.0,0.0,0.0,0.0,0.0,0.0,0.0,0.0,0.0,0.0,0.0,0.0,0.0,0.0,0.0,0.0,-0.0166361238432045,-0.0166361238432045,-0.0166361238432045,0.0012943274964942,0.0012943274964942,0.0012943274964942,-0.0179304513396988,-0.0179304513396988,-0.0179304513396988,0.0,0.0,0.0,6321035.926545712
2024-08-19,6439340.85435502,6220514.147530176,6398472.632722459,6439340.85435502,6439340.85435502,0.0,0.0,0.0,0.0,0.0,0.0,0.0,0.0,0.0,0.0,0.0,0.0,0.0,0.0,0.0,0.0,0.0,0.0,0.0,0.0,0.0,0.0,0.0,0.0,0.0,0.0,0.0,0.0,0.0,0.0,0.0,0.0,0.0,-0.0196088175972109,-0.0196088175972109,-0.0196088175972109,-0.000699339119165,-0.000699339119165,-0.000699339119165,-0.0189094784780459,-0.0189094784780459,-0.0189094784780459,0.0,0.0,0.0,6313072.9940957045
2024-08-20,6450709.23604842,6219964.768104349,6407166.5806382,6450709.23604842,6450709.23604842,0.0,0.0,0.0,0.0,0.0,0.0,0.0,0.0,0.0,0.0,0.0,0.0,0.0,0.0,0.0,0.0,0.0,0.0,0.0,0.0,0.0,0.0,0.0,0.0,0.0,0.0,0.0,0.0,0.0,0.0,0.0,0.0,0.0,-0.0207928131478581,-0.0207928131478581,-0.0207928131478581,-0.000932882629802,-0.000932882629802,-0.000932882629802,-0.0198599305180561,-0.0198599305180561,-0.0198599305180561,0.0,0.0,0.0,6316580.844232103
2024-08-21,6462077.617741819,6242265.334836813,6416682.068846152,6462077.617741819,6462077.617741819,0.0,0.0,0.0,0.0,0.0,0.0,0.0,0.0,0.0,0.0,0.0,0.0,0.0,0.0,0.0,0.0,0.0,0.0,0.0,0.0,0.0,0.0,0.0,0.0,0.0,0.0,0.0,0.0,0.0,0.0,0.0,0.0,0.0,-0.0210514762531085,-0.0210514762531085,-0.0210514762531085,-0.0002763532964433,-0.0002763532964433,-0.0002763532964433,-0.0207751229566652,-0.0207751229566652,-0.0207751229566652,0.0,0.0,0.0,6326041.344226182
2024-08-22,6473445.999435218,6250851.954720619,6421595.156933962,6473445.999435218,6473445.999435218,0.0,0.0,0.0,0.0,0.0,0.0,0.0,0.0,0.0,0.0,0.0,0.0,0.0,0.0,0.0,0.0,0.0,0.0,0.0,0.0,0.0,0.0,0.0,0.0,0.0,0.0,0.0,0.0,0.0,0.0,0.0,0.0,0.0,-0.0216823995416603,-0.0216823995416603,-0.0216823995416603,-3.35673109995367e-05,-3.35673109995367e-05,-3.35673109995367e-05,-0.0216488322306608,-0.0216488322306608,-0.0216488322306608,0.0,0.0,0.0,6333086.1568641
2024-08-23,6484814.381128618,6253240.479549237,6426627.260224951,6484814.381128618,6484814.381128618,0.0,0.0,0.0,0.0,0.0,0.0,0.0,0.0,0.0,0.0,0.0,0.0,0.0,0.0,0.0,0.0,0.0,0.0,0.0,0.0,0.0,0.0,0.0,0.0,0.0,0.0,0.0,0.0,0.0,0.0,0.0,0.0,0.0,-0.02248047287579,-0.02248047287579,-0.02248047287579,-4.983770821209341e-06,-4.983770821209341e-06,-4.983770821209341e-06,-0.0224754891049688,-0.0224754891049688,-0.0224754891049688,0.0,0.0,0.0,6339032.687329123
2024-08-24,6496182.762822017,6259093.69385036,6446698.501411021,6496182.762822017,6496182.762822017,0.0,0.0,0.0,0.0,0.0,0.0,0.0,0.0,0.0,0.0,0.0,0.0,0.0,0.0,0.0,0.0,0.0,0.0,0.0,0.0,0.0,0.0,0.0,0.0,0.0,0.0,0.0,0.0,0.0,0.0,0.0,0.0,0.0,-0.0225975564295324,-0.0225975564295324,-0.0225975564295324,0.0006527986307428,0.0006527986307428,0.0006527986307428,-0.0232503550602752,-0.0232503550602752,-0.0232503550602752,0.0,0.0,0.0,6349384.906262591
2024-08-25,6507551.144515416,6267987.508261254,6445803.938123568,6507551.144515416,6507551.144515416,0.0,0.0,0.0,0.0,0.0,0.0,0.0,0.0,0.0,0.0,0.0,0.0,0.0,0.0,0.0,0.0,0.0,0.0,0.0,0.0,0.0,0.0,0.0,0.0,0.0,0.0,0.0,0.0,0.0,0.0,0.0,0.0,0.0,-0.0226753487131512,-0.0226753487131512,-0.0226753487131512,0.0012943274964934,0.0012943274964934,0.0012943274964934,-0.0239696762096446,-0.0239696762096446,-0.0239696762096446,0.0,0.0,0.0,6359990.153044862
2024-08-26,6518919.526208815,6264446.52359905,6442689.415460106,6518919.526208815,6518919.526208815,0.0,0.0,0.0,0.0,0.0,0.0,0.0,0.0,0.0,0.0,0.0,0.0,0.0,0.0,0.0,0.0,0.0,0.0,0.0,0.0,0.0,0.0,0.0,0.0,0.0,0.0,0.0,0.0,0.0,0.0,0.0,0.0,0.0,-0.0253301490324689,-0.0253301490324689,-0.0253301490324689,-0.0006993391191666,-0.0006993391191666,-0.0006993391191666,-0.0246308099133023,-0.0246308099133023,-0.0246308099133023,0.0,0.0,0.0,6353794.323079274
2024-08-27,6530287.907902215,6279828.3065719325,6446930.435834895,6530287.907902215,6530287.907902215,0.0,0.0,0.0,0.0,0.0,0.0,0.0,0.0,0.0,0.0,0.0,0.0,0.0,0.0,0.0,0.0,0.0,0.0,0.0,0.0,0.0,0.0,0.0,0.0,0.0,0.0,0.0,0.0,0.0,0.0,0.0,0.0,0.0,-0.0261652026753075,-0.0261652026753075,-0.0261652026753075,-0.0009328826298037,-0.0009328826298037,-0.0009328826298037,-0.0252323200455038,-0.0252323200455038,-0.0252323200455038,0.0,0.0,0.0,6359421.601263843
2024-08-28,6541656.289595613,6279999.723050944,6458391.226159542,6541656.289595613,6541656.289595613,0.0,0.0,0.0,0.0,0.0,0.0,0.0,0.0,0.0,0.0,0.0,0.0,0.0,0.0,0.0,0.0,0.0,0.0,0.0,0.0,0.0,0.0,0.0,0.0,0.0,0.0,0.0,0.0,0.0,0.0,0.0,0.0,0.0,-0.0260503910709272,-0.0260503910709272,-0.0260503910709272,-0.0002763532964439,-0.0002763532964439,-0.0002763532964439,-0.0257740377744833,-0.0257740377744833,-0.0257740377744833,0.0,0.0,0.0,6371243.585000057
2024-08-29,6553024.671289013,6287856.765335587,6466465.113767969,6553024.671289013,6553024.671289013,0.0,0.0,0.0,0.0,0.0,0.0,0.0,0.0,0.0,0.0,0.0,0.0,0.0,0.0,0.0,0.0,0.0,0.0,0.0,0.0,0.0,0.0,0.0,0.0,0.0,0.0,0.0,0.0,0.0,0.0,0.0,0.0,0.0,-0.0262906530308413,-0.0262906530308413,-0.0262906530308413,-3.3567311000178666e-05,-3.3567311000178666e-05,-3.3567311000178666e-05,-0.0262570857198412,-0.0262570857198412,-0.0262570857198412,0.0,0.0,0.0,6380741.373353611
2024-08-30,6564393.052982412,6295331.096097835,6477623.54757599,6564393.052982412,6564393.052982412,0.0,0.0,0.0,0.0,0.0,0.0,0.0,0.0,0.0,0.0,0.0,0.0,0.0,0.0,0.0,0.0,0.0,0.0,0.0,0.0,0.0,0.0,0.0,0.0,0.0,0.0,0.0,0.0,0.0,0.0,0.0,0.0,0.0,-0.0266888481924891,-0.0266888481924891,-0.0266888481924891,-4.983770820541039e-06,-4.983770820541039e-06,-4.983770820541039e-06,-0.0266838644216686,-0.0266838644216686,-0.0266838644216686,0.0,0.0,0.0,6389196.963315534
2024-08-31,6575761.434675811,6316479.870851339,6493175.90358625,6575761.434675811,6575761.434675811,0.0,0.0,0.0,0.0,0.0,0.0,0.0,0.0,0.0,0.0,0.0,0.0,0.0,0.0,0.0,0.0,0.0,0.0,0.0,0.0,0.0,0.0,0.0,0.0,0.0,0.0,0.0,0.0,0.0,0.0,0.0,0.0,0.0,-0.0264052025308423,-0.0264052025308423,-0.0264052025308423,0.0006527986307443,0.0006527986307443,0.0006527986307443,-0.0270580011615867,-0.0270580011615867,-0.0270580011615867,0.0,0.0,0.0,6402127.122198693
2024-09-01,6587129.81636921,6326167.720589894,6500694.30206153,6587129.81636921,6587129.81636921,0.0,0.0,0.0,0.0,0.0,0.0,0.0,0.0,0.0,0.0,0.0,0.0,0.0,0.0,0.0,0.0,0.0,0.0,0.0,0.0,0.0,0.0,0.0,0.0,0.0,0.0,0.0,0.0,0.0,0.0,0.0,0.0,0.0,-0.0260899347884643,-0.0260899347884643,-0.0260899347884643,0.0012943274964928,0.0012943274964928,0.0012943274964928,-0.0273842622849571,-0.0273842622849571,-0.0273842622849571,0.0,0.0,0.0,6415272.029016988
2024-09-02,6598498.198062611,6329678.957223314,6508193.468335862,6598498.198062611,6598498.198062611,0.0,0.0,0.0,0.0,0.0,0.0,0.0,0.0,0.0,0.0,0.0,0.0,0.0,0.0,0.0,0.0,0.0,0.0,0.0,0.0,0.0,0.0,0.0,0.0,0.0,0.0,0.0,0.0,0.0,0.0,0.0,0.0,0.0,-0.0283677703727092,-0.0283677703727092,-0.0283677703727092,-0.0006993391191681,-0.0006993391191681,-0.0006993391191681,-0.0276684312535411,-0.0276684312535411,-0.0276684312535411,0.0,0.0,0.0,6411313.516375234
2024-09-03,6609866.57975601,6324828.20958667,6503378.160882664,6609866.57975601,6609866.57975601,0.0,0.0,0.0,0.0,0.0,0.0,0.0,0.0,0.0,0.0,0.0,0.0,0.0,0.0,0.0,0.0,0.0,0.0,0.0,0.0,0.0,0.0,0.0,0.0,0.0,0.0,0.0,0.0,0.0,0.0,0.0,0.0,0.0,-0.0288500383068323,-0.0288500383068323,-0.0288500383068323,-0.0009328826298037,-0.0009328826298037,-0.0009328826298037,-0.0279171556770286,-0.0279171556770286,-0.0279171556770286,0.0,0.0,0.0,6419171.675726998
2024-09-04,6621234.961449409,6336597.915213311,6525074.078935434,6621234.961449409,6621234.961449409,0.0,0.0,0.0,0.0,0.0,0.0,0.0,0.0,0.0,0.0,0.0,0.0,0.0,0.0,0.0,0.0,0.0,0.0,0.0,0.0,0.0,0.0,0.0,0.0,0.0,0.0,0.0,0.0,0.0,0.0,0.0,0.0,0.0,-0.0284141207968948,-0.0284141207968948,-0.0284141207968948,-0.0002763532964413,-0.0002763532964413,-0.0002763532964413,-0.0281377675004534,-0.0281377675004534,-0.0281377675004534,0.0,0.0,0.0,6433098.391430162
2024-09-05,6632603.343142808,6357613.013313357,6531611.599061306,6632603.343142808,6632603.343142808,0.0,0.0,0.0,0.0,0.0,0.0,0.0,0.0,0.0,0.0,0.0,0.0,0.0,0.0,0.0,0.0,0.0,0.0,0.0,0.0,0.0,0.0,0.0,0.0,0.0,0.0,0.0,0.0,0.0,0.0,0.0,0.0,0.0,-0.0283716486457848,-0.0283716486457848,-0.0283716486457848,-3.356731100082064e-05,-3.356731100082064e-05,-3.356731100082064e-05,-0.028338081334784,-0.028338081334784,-0.028338081334784,0.0,0.0,0.0,6444425.451484302
2024-09-06,6643971.724836208,6365925.168282233,6544766.269746039,6643971.724836208,6643971.724836208,0.0,0.0,0.0,0.0,0.0,0.0,0.0,0.0,0.0,0.0,0.0,0.0,0.0,0.0,0.0,0.0,0.0,0.0,0.0,0.0,0.0,0.0,0.0,0.0,0.0,0.0,0.0,0.0,0.0,0.0,0.0,0.0,0.0,-0.0285311603572736,-0.0285311603572736,-0.0285311603572736,-4.983770821333184e-06,-4.983770821333184e-06,-4.983770821333184e-06,-0.0285261765864523,-0.0285261765864523,-0.0285261765864523,0.0,0.0,0.0,6454411.502145714
2024-09-07,6655340.106529607,6377714.153348051,6554411.805803331,6655340.106529607,6655340.106529607,0.0,0.0,0.0,0.0,0.0,0.0,0.0,0.0,0.0,0.0,0.0,0.0,0.0,0.0,0.0,0.0,0.0,0.0,0.0,0.0,0.0,0.0,0.0,0.0,0.0,0.0,0.0,0.0,0.0,0.0,0.0,0.0,0.0,-0.0280573709172107,-0.0280573709172107,-0.0280573709172107,0.0006527986307405,0.0006527986307405,0.0006527986307405,-0.0287101695479513,-0.0287101695479513,-0.0287101695479513,0.0,0.0,0.0,6468608.760580516
2024-09-08,6666708.488223006,6389748.3711883845,6572772.280211028,6666708.488223006,6666708.488223006,0.0,0.0,0.0,0.0,0.0,0.0,0.0,0.0,0.0,0.0,0.0,0.0,0.0,0.0,0.0,0.0,0.0,0.0,0.0,0.0,0.0,0.0,0.0,0.0,0.0,0.0,0.0,0.0,0.0,0.0,0.0,0.0,0.0,-0.0276036544446101,-0.0276036544446101,-0.0276036544446101,0.0012943274964958,0.0012943274964958,0.0012943274964958,-0.028897981941106,-0.028897981941106,-0.028897981941106,0.0,0.0,0.0,6482682.970831149
2024-09-09,6678076.8699164055,6398131.291103813,6570672.931829663,6678076.8699164055,6678076.8699164055,0.0,0.0,0.0,0.0,0.0,0.0,0.0,0.0,0.0,0.0,0.0,0.0,0.0,0.0,0.0,0.0,0.0,0.0,0.0,0.0,0.0,0.0,0.0,0.0,0.0,0.0,0.0,0.0,0.0,0.0,0.0,0.0,0.0,-0.0297964516660508,-0.0297964516660508,-0.0297964516660508,-0.0006993391191692,-0.0006993391191692,-0.0006993391191692,-0.0290971125468816,-0.0290971125468816,-0.0290971125468816,0.0,0.0,0.0,6479093.875239769
2024-09-10,6689445.251609805,6392965.239634205,6576730.75659555,6689445.251609805,6689445.251609805,0.0,0.0,0.0,0.0,0.0,0.0,0.0,0.0,0.0,0.0,0.0,0.0,0.0,0.0,0.0,0.0,0.0,0.0,0.0,0.0,0.0,0.0,0.0,0.0,0.0,0.0,0.0,0.0,0.0,0.0,0.0,0.0,0.0,-0.0302473011359244,-0.0302473011359244,-0.0302473011359244,-0.0009328826298036,-0.0009328826298036,-0.0009328826298036,-0.0293144185061208,-0.0293144185061208,-0.0293144185061208,0.0,0.0,0.0,6487107.586652083
2024-09-11,6700813.634916338,6407578.848591441,6583544.072231335,6700813.634916338,6700813.634916338,0.0,0.0,0.0,0.0,0.0,0.0,0.0,0.0,0.0,0.0,0.0,0.0,0.0,0.0,0.0,0.0,0.0,0.0,0.0,0.0,0.0,0.0,0.0,0.0,0.0,0.0,0.0,0.0,0.0,0.0,0.0,0.0,0.0,-0.0298322659318823,-0.0298322659318823,-0.0298322659318823,-0.0002763532964419,-0.0002763532964419,-0.0002763532964419,-0.0295559126354403,-0.0295559126354403,-0.0295559126354403,0.0,0.0,0.0,6500913.18059953
2024-09-12,6712182.018222872,6425542.334863811,6601983.194883366,6712182.018222872,6712182.018222872,0.0,0.0,0.0,0.0,0.0,0.0,0.0,0.0,0.0,0.0,0.0,0.0,0.0,0.0,0.0,0.0,0.0,0.0,0.0,0.0,0.0,0.0,0.0,0.0,0.0,0.0,0.0,0.0,0.0,0.0,0.0,0.0,0.0,-0.0298601499888616,-0.0298601499888616,-0.0298601499888616,-3.356731100006855e-05,-3.356731100006855e-05,-3.356731100006855e-05,-0.0298265826778615,-0.0298265826778615,-0.0298265826778615,0.0,0.0,0.0,6511755.256406197
2024-09-13,6723550.401529405,6434977.274088112,6606383.979099515,6723550.401529405,6723550.401529405,0.0,0.0,0.0,0.0,0.0,0.0,0.0,0.0,0.0,0.0,0.0,0.0,0.0,0.0,0.0,0.0,0.0,0.0,0.0,0.0,0.0,0.0,0.0,0.0,0.0,0.0,0.0,0.0,0.0,0.0,0.0,0.0,0.0,-0.030135221581632,-0.030135221581632,-0.030135221581632,-4.983770822125302e-06,-4.983770822125302e-06,-4.983770822125302e-06,-0.0301302378108098,-0.0301302378108098,-0.0301302378108098,0.0,0.0,0.0,6520934.720364046
2024-09-14,6734918.784835939,6439631.064950632,6625501.387662468,6734918.784835939,6734918.784835939,0.0,0.0,0.0,0.0,0.0,0.0,0.0,0.0,0.0,0.0,0.0,0.0,0.0,0.0,0.0,0.0,0.0,0.0,0.0,0.0,0.0,0.0,0.0,0.0,0.0,0.0,0.0,0.0,0.0,0.0,0.0,0.0,0.0,-0.0298165883506653,-0.0298165883506653,-0.0298165883506653,0.0006527986307411,0.0006527986307411,0.0006527986307411,-0.0304693869814064,-0.0304693869814064,-0.0304693869814064,0.0,0.0,0.0,6534106.483853322
2024-09-15,6746287.168142471,6456336.515289414,6626903.696970554,6746287.168142471,6746287.168142471,0.0,0.0,0.0,0.0,0.0,0.0,0.0,0.0,0.0,0.0,0.0,0.0,0.0,0.0,0.0,0.0,0.0,0.0,0.0,0.0,0.0,0.0,0.0,0.0,0.0,0.0,0.0,0.0,0.0,0.0,0.0,0.0,0.0,-0.0295508252556332,-0.0295508252556332,-0.0295508252556332,0.0012943274964954,0.0012943274964954,0.0012943274964954,-0.0308451527521286,-0.0308451527521286,-0.0308451527521286,0.0,0.0,0.0,6546928.814912372
2024-09-16,6757655.5514490055,6451011.684645127,6628751.390796263,6757655.5514490055,6757655.5514490055,0.0,0.0,0.0,0.0,0.0,0.0,0.0,0.0,0.0,0.0,0.0,0.0,0.0,0.0,0.0,0.0,0.0,0.0,0.0,0.0,0.0,0.0,0.0,0.0,0.0,0.0,0.0,0.0,0.0,0.0,0.0,0.0,0.0,-0.0319565624632027,-0.0319565624632027,-0.0319565624632027,-0.0006993391191702,-0.0006993391191702,-0.0006993391191702,-0.0312572233440325,-0.0312572233440325,-0.0312572233440325,0.0,0.0,0.0,6541704.109714316
2024-09-17,6769023.934755539,6467527.786666918,6637398.001152482,6769023.934755539,6769023.934755539,0.0,0.0,0.0,0.0,0.0,0.0,0.0,0.0,0.0,0.0,0.0,0.0,0.0,0.0,0.0,0.0,0.0,0.0,0.0,0.0,0.0,0.0,0.0,0.0,0.0,0.0,0.0,0.0,0.0,0.0,0.0,0.0,0.0,-0.0326367271182641,-0.0326367271182641,-0.0326367271182641,-0.0009328826298023,-0.0009328826298023,-0.0009328826298023,-0.0317038444884617,-0.0317038444884617,-0.0317038444884617,0.0,0.0,0.0,6548105.147739924
2024-09-18,6780392.318062072,6474177.243076476,6648976.256271132,6780392.318062072,6780392.318062072,0.0,0.0,0.0,0.0,0.0,0.0,0.0,0.0,0.0,0.0,0.0,0.0,0.0,0.0,0.0,0.0,0.0,0.0,0.0,0.0,0.0,0.0,0.0,0.0,0.0,0.0,0.0,0.0,0.0,0.0,0.0,0.0,0.0,-0.0324582048686235,-0.0324582048686235,-0.0324582048686235,-0.0002763532964443,-0.0002763532964443,-0.0002763532964443,-0.0321818515721791,-0.0321818515721791,-0.0321818515721791,0.0,0.0,0.0,6560312.955112772
2024-09-19,6791760.701368606,6477230.344791491,6655788.423535398,6791760.701368606,6791760.701368606,0.0,0.0,0.0,0.0,0.0,0.0,0.0,0.0,0.0,0.0,0.0,0.0,0.0,0.0,0.0,0.0,0.0,0.0,0.0,0.0,0.0,0.0,0.0,0.0,0.0,0.0,0.0,0.0,0.0,0.0,0.0,0.0,0.0,-0.0327203087286251,-0.0327203087286251,-0.0327203087286251,-3.356731099900236e-05,-3.356731099900236e-05,-3.356731099900236e-05,-0.0326867414176261,-0.0326867414176261,-0.0326867414176261,0.0,0.0,0.0,6569532.194408881
2024-09-20,6803129.084675138,6484867.807294015,6664271.73750793,6803129.084675138,6803129.084675138,0.0,0.0,0.0,0.0,0.0,0.0,0.0,0.0,0.0,0.0,0.0,0.0,0.0,0.0,0.0,0.0,0.0,0.0,0.0,0.0,0.0,0.0,0.0,0.0,0.0,0.0,0.0,0.0,0.0,0.0,0.0,0.0,0.0,-0.0332177656829999,-0.0332177656829999,-0.0332177656829999,-4.983770821457027e-06,-4.983770821457027e-06,-4.983770821457027e-06,-0.0332127819121785,-0.0332127819121785,-0.0332127819121785,0.0,0.0,0.0,6577144.336829198
2024-09-21,6814497.467981672,6499728.130544027,6680945.394889265,6814497.467981672,6814497.467981672,0.0,0.0,0.0,0.0,0.0,0.0,0.0,0.0,0.0,0.0,0.0,0.0,0.0,0.0,0.0,0.0,0.0,0.0,0.0,0.0,0.0,0.0,0.0,0.0,0.0,0.0,0.0,0.0,0.0,0.0,0.0,0.0,0.0,-0.0331003579896306,-0.0331003579896306,-0.0331003579896306,0.0006527986307417,0.0006527986307417,0.0006527986307417,-0.0337531566203724,-0.0337531566203724,-0.0337531566203724,0.0,0.0,0.0,6588935.162272046
2024-09-22,6825865.851288205,6515291.5904742805,6693693.958601633,6825865.851288205,6825865.851288205,0.0,0.0,0.0,0.0,0.0,0.0,0.0,0.0,0.0,0.0,0.0,0.0,0.0,0.0,0.0,0.0,0.0,0.0,0.0,0.0,0.0,0.0,0.0,0.0,0.0,0.0,0.0,0.0,0.0,0.0,0.0,0.0,0.0,-0.0330058130156747,-0.0330058130156747,-0.0330058130156747,0.0012943274964946,0.0012943274964946,0.0012943274964946,-0.0343001405121693,-0.0343001405121693,-0.0343001405121693,0.0,0.0,0.0,6600572.599330507
2024-09-23,6837234.234594739,6505582.42616605,6679583.432705521,6837234.234594739,6837234.234594739,0.0,0.0,0.0,0.0,0.0,0.0,0.0,0.0,0.0,0.0,0.0,0.0,0.0,0.0,0.0,0.0,0.0,0.0,0.0,0.0,0.0,0.0,0.0,0.0,0.0,0.0,0.0,0.0,0.0,0.0,0.0,0.0,0.0,-0.0355446411662957,-0.0355446411662957,-0.0355446411662957,-0.0006993391191649,-0.0006993391191649,-0.0006993391191649,-0.0348453020471308,-0.0348453020471308,-0.0348453020471308,0.0,0.0,0.0,6594207.197156156
2024-09-24,6848602.617901272,6510222.214026457,6687030.670843395,6848602.617901272,6848602.617901272,0.0,0.0,0.0,0.0,0.0,0.0,0.0,0.0,0.0,0.0,0.0,0.0,0.0,0.0,0.0,0.0,0.0,0.0,0.0,0.0,0.0,0.0,0.0,0.0,0.0,0.0,0.0,0.0,0.0,0.0,0.0,0.0,0.0,-0.0363126087244234,-0.0363126087244234,-0.0363126087244234,-0.0009328826298011,-0.0009328826298011,-0.0009328826298011,-0.0353797260946223,-0.0353797260946223,-0.0353797260946223,0.0,0.0,0.0,6599911.9907283615
2024-09-25,6859971.001207806,6527807.930626061,6700385.5828626,6859971.001207806,6859971.001207806,0.0,0.0,0.0,0.0,0.0,0.0,0.0,0.0,0.0,0.0,0.0,0.0,0.0,0.0,0.0,0.0,0.0,0.0,0.0,0.0,0.0,0.0,0.0,0.0,0.0,0.0,0.0,0.0,0.0,0.0,0.0,0.0,0.0,-0.0361706048622941,-0.0361706048622941,-0.0361706048622941,-0.0002763532964433,-0.0002763532964433,-0.0002763532964433,-0.0358942515658507,-0.0358942515658507,-0.0358942515658507,0.0,0.0,0.0,6611841.700756322
2024-09-26,6871339.384514338,6533041.425168961,6706173.172867485,6871339.384514338,6871339.384514338,0.0,0.0,0.0,0.0,0.0,0.0,0.0,0.0,0.0,0.0,0.0,0.0,0.0,0.0,0.0,0.0,0.0,0.0,0.0,0.0,0.0,0.0,0.0,0.0,0.0,0.0,0.0,0.0,0.0,0.0,0.0,0.0,0.0,-0.0364132845129538,-0.0364132845129538,-0.0364132845129538,-3.356731100135249e-05,-3.356731100135249e-05,-3.356731100135249e-05,-0.0363797172019524,-0.0363797172019524,-0.0363797172019524,0.0,0.0,0.0,6621131.348520953
2024-09-27,6882707.767820872,6537353.190175638,6715953.219559332,6882707.767820872,6882707.767820872,0.0,0.0,0.0,0.0,0.0,0.0,0.0,0.0,0.0,0.0,0.0,0.0,0.0,0.0,0.0,0.0,0.0,0.0,0.0,0.0,0.0,0.0,0.0,0.0,0.0,0.0,0.0,0.0,0.0,0.0,0.0,0.0,0.0,-0.0368321924867866,-0.0368321924867866,-0.0368321924867866,-4.983770820788725e-06,-4.983770820788725e-06,-4.983770820788725e-06,-0.0368272087159658,-0.0368272087159658,-0.0368272087159658,0.0,0.0,0.0,6629202.550486193
2024-09-28,6894076.151127405,6556002.996765649,6729016.63333458,6894076.151127405,6894076.151127405,0.0,0.0,0.0,0.0,0.0,0.0,0.0,0.0,0.0,0.0,0.0,0.0,0.0,0.0,0.0,0.0,0.0,0.0,0.0,0.0,0.0,0.0,0.0,0.0,0.0,0.0,0.0,0.0,0.0,0.0,0.0,0.0,0.0,-0.0365755018019509,-0.0365755018019509,-0.0365755018019509,0.0006527986307432,0.0006527986307432,0.0006527986307432,-0.0372283004326942,-0.0372283004326942,-0.0372283004326942,0.0,0.0,0.0,6641921.856439059
2024-09-29,6905444.53443394,6566150.9871906815,6732951.379566573,6905444.53443394,6905444.53443394,0.0,0.0,0.0,0.0,0.0,0.0,0.0,0.0,0.0,0.0,0.0,0.0,0.0,0.0,0.0,0.0,0.0,0.0,0.0,0.0,0.0,0.0,0.0,0.0,0.0,0.0,0.0,0.0,0.0,0.0,0.0,0.0,0.0,-0.0362809572139618,-0.0362809572139618,-0.0362809572139618,0.001294327496494,0.001294327496494,0.001294327496494,-0.0375752847104558,-0.0375752847104558,-0.0375752847104558,0.0,0.0,0.0,6654908.396736755
2024-09-30,6916812.917740473,6561414.69419526,6741445.616737705,6916812.917740473,6916812.917740473,0.0,0.0,0.0,0.0,0.0,0.0,0.0,0.0,0.0,0.0,0.0,0.0,0.0,0.0,0.0,0.0,0.0,0.0,0.0,0.0,0.0,0.0,0.0,0.0,0.0,0.0,0.0,0.0,0.0,0.0,0.0,0.0,0.0,-0.0385607218781617,-0.0385607218781617,-0.0385607218781617,-0.0006993391191664,-0.0006993391191664,-0.0006993391191664,-0.0378613827589952,-0.0378613827589952,-0.0378613827589952,0.0,0.0,0.0,6650095.618536206
2024-10-01,6928181.301047007,6567761.176759163,6738475.422372384,6928181.301047007,6928181.301047007,0.0,0.0,0.0,0.0,0.0,0.0,0.0,0.0,0.0,0.0,0.0,0.0,0.0,0.0,0.0,0.0,0.0,0.0,0.0,0.0,0.0,0.0,0.0,0.0,0.0,0.0,0.0,0.0,0.0,0.0,0.0,0.0,0.0,-0.0390138136085027,-0.0390138136085027,-0.0390138136085027,-0.000932882629801,-0.000932882629801,-0.000932882629801,-0.0380809309787016,-0.0380809309787016,-0.0380809309787016,0.0,0.0,0.0,6657886.527122045
2024-10-02,6939549.68435354,6590747.712429794,6755253.7005282985,6939549.68435354,6939549.68435354,0.0,0.0,0.0,0.0,0.0,0.0,0.0,0.0,0.0,0.0,0.0,0.0,0.0,0.0,0.0,0.0,0.0,0.0,0.0,0.0,0.0,0.0,0.0,0.0,0.0,0.0,0.0,0.0,0.0,0.0,0.0,0.0,0.0,-0.038505890919823,-0.038505890919823,-0.038505890919823,-0.0002763532964424,-0.0002763532964424,-0.0002763532964424,-0.0382295376233806,-0.0382295376233806,-0.0382295376233806,0.0,0.0,0.0,6672336.14117513
2024-10-03,6950918.067660074,6600675.698571195,6769789.253060673,6950918.067660074,6950918.067660074,0.0,0.0,0.0,0.0,0.0,0.0,0.0,0.0,0.0,0.0,0.0,0.0,0.0,0.0,0.0,0.0,0.0,0.0,0.0,0.0,0.0,0.0,0.0,0.0,0.0,0.0,0.0,0.0,0.0,0.0,0.0,0.0,0.0,-0.0383377727237497,-0.0383377727237497,-0.0383377727237497,-3.35673110002863e-05,-3.35673110002863e-05,-3.35673110002863e-05,-0.0383042054127494,-0.0383042054127494,-0.0383042054127494,0.0,0.0,0.0,6684435.350560716
2024-10-04,6962286.450966606,6606009.214290096,6784596.5286147455,6962286.450966606,6962286.450966606,0.0,0.0,0.0,0.0,0.0,0.0,0.0,0.0,0.0,0.0,0.0,0.0,0.0,0.0,0.0,0.0,0.0,0.0,0.0,0.0,0.0,0.0,0.0,0.0,0.0,0.0,0.0,0.0,0.0,0.0,0.0,0.0,0.0,-0.0383084004389832,-0.0383084004389832,-0.0383084004389832,-4.9837708219700445e-06,-4.9837708219700445e-06,-4.9837708219700445e-06,-0.0383034166681613,-0.0383034166681613,-0.0383034166681613,0.0,0.0,0.0,6695572.393632069
2024-10-05,6973654.83427314,6627390.414574293,6797076.407061108,6973654.83427314,6973654.83427314,0.0,0.0,0.0,0.0,0.0,0.0,0.0,0.0,0.0,0.0,0.0,0.0,0.0,0.0,0.0,0.0,0.0,0.0,0.0,0.0,0.0,0.0,0.0,0.0,0.0,0.0,0.0,0.0,0.0,0.0,0.0,0.0,0.0,-0.0375743799580443,-0.0375743799580443,-0.0375743799580443,0.0006527986307447,0.0006527986307447,0.0006527986307447,-0.0382271785887891,-0.0382271785887891,-0.0382271785887891,0.0,0.0,0.0,6711624.077833908
2024-10-06,6985023.217579673,6640917.613023536,6817446.233517251,6985023.217579673,6985023.217579673,0.0,0.0,0.0,0.0,0.0,0.0,0.0,0.0,0.0,0.0,0.0,0.0,0.0,0.0,0.0,0.0,0.0,0.0,0.0,0.0,0.0,0.0,0.0,0.0,0.0,0.0,0.0,0.0,0.0,0.0,0.0,0.0,0.0,-0.0367826998993738,-0.0367826998993738,-0.0367826998993738,0.0012943274964931,0.0012943274964931,0.0012943274964931,-0.038077027395867,-0.038077027395867,-0.038077027395867,0.0,0.0,0.0,6728095.204777281
2024-10-07,6996391.600886207,6638886.776301612,6815100.781586942,6996391.600886207,6996391.600886207,0.0,0.0,0.0,0.0,0.0,0.0,0.0,0.0,0.0,0.0,0.0,0.0,0.0,0.0,0.0,0.0,0.0,0.0,0.0,0.0,0.0,0.0,0.0,0.0,0.0,0.0,0.0,0.0,0.0,0.0,0.0,0.0,0.0,-0.0385553303372303,-0.0385553303372303,-0.0385553303372303,-0.0006993391191669,-0.0006993391191669,-0.0006993391191669,-0.0378559912180634,-0.0378559912180634,-0.0378559912180634,0.0,0.0,0.0,6726643.411545415
2024-10-08,7007759.98419274,6652617.620312041,6825447.531499676,7007759.98419274,7007759.98419274,0.0,0.0,0.0,0.0,0.0,0.0,0.0,0.0,0.0,0.0,0.0,0.0,0.0,0.0,0.0,0.0,0.0,0.0,0.0,0.0,0.0,0.0,0.0,0.0,0.0,0.0,0.0,0.0,0.0,0.0,0.0,0.0,0.0,-0.038501395368938,-0.038501395368938,-0.038501395368938,-0.000932882629801,-0.000932882629801,-0.000932882629801,-0.037568512739137,-0.037568512739137,-0.037568512739137,0.0,0.0,0.0,6737951.446390713
2024-10-09,7019128.367499274,6664437.900816059,6841341.493376576,7019128.367499274,7019128.367499274,0.0,0.0,0.0,0.0,0.0,0.0,0.0,0.0,0.0,0.0,0.0,0.0,0.0,0.0,0.0,0.0,0.0,0.0,0.0,0.0,0.0,0.0,0.0,0.0,0.0,0.0,0.0,0.0,0.0,0.0,0.0,0.0,0.0,-0.0374966870434665,-0.0374966870434665,-0.0374966870434665,-0.0002763532964448,-0.0002763532964448,-0.0002763532964448,-0.0372203337470217,-0.0372203337470217,-0.0372203337470217,0.0,0.0,0.0,6755934.307785235
2024-10-10,7030496.750805806,6679685.60815482,6860956.47545374,7030496.750805806,7030496.750805806,0.0,0.0,0.0,0.0,0.0,0.0,0.0,0.0,0.0,0.0,0.0,0.0,0.0,0.0,0.0,0.0,0.0,0.0,0.0,0.0,0.0,0.0,0.0,0.0,0.0,0.0,0.0,0.0,0.0,0.0,0.0,0.0,0.0,-0.0368519120908958,-0.0368519120908958,-0.0368519120908958,-3.356731100092827e-05,-3.356731100092827e-05,-3.356731100092827e-05,-0.0368183447798949,-0.0368183447798949,-0.0368183447798949,0.0,0.0,0.0,6771409.502589782
2024-10-11,7041865.133726255,6694789.427466938,6869215.395036991,7041865.133726255,7041865.133726255,0.0,0.0,0.0,0.0,0.0,0.0,0.0,0.0,0.0,0.0,0.0,0.0,0.0,0.0,0.0,0.0,0.0,0.0,0.0,0.0,0.0,0.0,0.0,0.0,0.0,0.0,0.0,0.0,0.0,0.0,0.0,0.0,0.0,-0.0363753878005762,-0.0363753878005762,-0.0363753878005762,-4.983770822762081e-06,-4.983770822762081e-06,-4.983770822762081e-06,-0.0363704040297534,-0.0363704040297534,-0.0363704040297534,0.0,0.0,0.0,6785714.558647606
2024-10-12,7053233.516646706,6679700.842169824,6860166.999510462,7053233.516646706,7053233.516646706,0.0,0.0,0.0,0.0,0.0,0.0,0.0,0.0,0.0,0.0,0.0,0.0,0.0,0.0,0.0,0.0,0.0,0.0,0.0,0.0,0.0,0.0,0.0,0.0,-0.0054534714,-0.0054534714,-0.0054534714,0.0,0.0,0.0,-0.0054534714,-0.0054534714,-0.0054534714,-0.0406858032795978,-0.0406858032795978,-0.0406858032795978,0.00065279863074,0.00065279863074,0.00065279863074,-0.0358851305103379,-0.0358851305103379,-0.0358851305103379,0.0,0.0,0.0,6766267.045303352
2024-10-13,7064601.899567155,6741473.355687276,6907619.355365995,7064601.899567155,7064601.899567155,0.0,0.0,0.0,0.0,0.0,0.0,0.0,0.0,0.0,0.0,0.0,0.0,0.0,0.0,0.0,0.0,0.0,0.0,0.0,0.0,0.0,0.0,0.0,0.0,0.0,0.0,0.0,0.0,0.0,0.0,0.0,0.0,0.0,-0.0340773497038397,-0.0340773497038397,-0.0340773497038397,0.0012943274964925,0.0012943274964925,0.0012943274964925,-0.0353716772003322,-0.0353716772003322,-0.0353716772003322,0.0,0.0,0.0,6823858.990117195
2024-10-14,7075970.282487606,6731210.932871992,6913128.599397561,7075970.282487606,7075970.282487606,0.0,0.0,0.0,0.0,0.0,0.0,0.0,0.0,0.0,0.0,0.0,0.0,0.0,0.0,0.0,0.0,0.0,0.0,0.0,0.0,0.0,0.0,0.0,0.0,0.0,0.0,0.0,0.0,0.0,0.0,0.0,0.0,0.0,-0.0355388295341709,-0.0355388295341709,-0.0355388295341709,-0.0006993391191685,-0.0006993391191685,-0.0006993391191685,-0.0348394904150023,-0.0348394904150023,-0.0348394904150023,0.0,0.0,0.0,6824498.58082942
2024-10-15,7087338.665408055,6749338.919507784,6919736.368439542,7087338.665408055,7087338.665408055,0.0,0.0,0.0,0.0,0.0,0.0,0.0,0.0,0.0,0.0,0.0,0.0,0.0,0.0,0.0,0.0,0.0,0.0,0.0,0.0,0.0,0.0,0.0,0.0,0.0,0.0,0.0,0.0,0.0,0.0,0.0,0.0,0.0,-0.0352309446546585,-0.0352309446546585,-0.0352309446546585,-0.0009328826298027,-0.0009328826298027,-0.0009328826298027,-0.0342980620248557,-0.0342980620248557,-0.0342980620248557,0.0,0.0,0.0,6837645.029138243
2024-10-16,7098707.048328504,6764903.649851502,6940239.008350983,7098707.048328504,7098707.048328504,0.0,0.0,0.0,0.0,0.0,0.0,0.0,0.0,0.0,0.0,0.0,0.0,0.0,0.0,0.0,0.0,0.0,0.0,0.0,0.0,0.0,0.0,0.0,0.0,0.0,0.0,0.0,0.0,0.0,0.0,0.0,0.0,0.0,-0.0340330346152882,-0.0340330346152882,-0.0340330346152882,-0.0002763532964438,-0.0002763532964438,-0.0002763532964438,-0.0337566813188444,-0.0337566813188444,-0.0337566813188444,0.0,0.0,0.0,6857116.505628949
2024-10-17,7110075.431248954,6789147.304398093,6961944.132408774,7110075.431248954,7110075.431248954,0.0,0.0,0.0,0.0,0.0,0.0,0.0,0.0,0.0,0.0,0.0,0.0,0.0,0.0,0.0,0.0,0.0,0.0,0.0,0.0,0.0,0.0,0.0,0.0,0.0,0.0,0.0,0.0,0.0,0.0,0.0,0.0,0.0,-0.0332577606084849,-0.0332577606084849,-0.0332577606084849,-3.356731099986208e-05,-3.356731099986208e-05,-3.356731099986208e-05,-0.0332241932974851,-0.0332241932974851,-0.0332241932974851,0.0,0.0,0.0,6873610.244648205
2024-10-18,7121443.814169404,6805849.066528752,6976096.206039978,7121443.814169404,7121443.814169404,0.0,0.0,0.0,0.0,0.0,0.0,0.0,0.0,0.0,0.0,0.0,0.0,0.0,0.0,0.0,0.0,0.0,0.0,0.0,0.0,0.0,0.0,0.0,0.0,0.0,0.0,0.0,0.0,0.0,0.0,0.0,0.0,0.0,-0.0327137537499625,-0.0327137537499625,-0.0327137537499625,-4.983770820633359e-06,-4.983770820633359e-06,-4.983770820633359e-06,-0.0327087699791418,-0.0327087699791418,-0.0327087699791418,0.0,0.0,0.0,6888474.6548884725
2024-10-19,7132812.197089854,6819008.975849654,7002081.936697698,7132812.197089854,7132812.197089854,0.0,0.0,0.0,0.0,0.0,0.0,0.0,0.0,0.0,0.0,0.0,0.0,0.0,0.0,0.0,0.0,0.0,0.0,0.0,0.0,0.0,0.0,0.0,0.0,0.0,0.0,0.0,0.0,0.0,0.0,0.0,0.0,0.0,-0.031564902286183,-0.031564902286183,-0.031564902286183,0.0006527986307397,0.0006527986307397,0.0006527986307397,-0.0322177009169227,-0.0322177009169227,-0.0322177009169227,0.0,0.0,0.0,6907665.677063018
2024-10-20,7144180.580010303,6832850.072719999,7009705.158289784,7144180.580010303,7144180.580010303,0.0,0.0,0.0,0.0,0.0,0.0,0.0,0.0,0.0,0.0,0.0,0.0,0.0,0.0,0.0,0.0,0.0,0.0,0.0,0.0,0.0,0.0,0.0,0.0,0.0,0.0,0.0,0.0,0.0,0.0,0.0,0.0,0.0,-0.0304628810694569,-0.0304628810694569,-0.0304628810694569,0.0012943274964956,0.0012943274964956,0.0012943274964956,-0.0317572085659525,-0.0317572085659525,-0.0317572085659525,0.0,0.0,0.0,6926548.2566627255
2024-10-21,7155548.962930753,6840255.486393263,7011613.513636272,7155548.962930753,7155548.962930753,0.0,0.0,0.0,0.0,0.0,0.0,0.0,0.0,0.0,0.0,0.0,0.0,0.0,0.0,0.0,0.0,0.0,0.0,0.0,0.0,0.0,0.0,0.0,0.0,0.0,0.0,0.0,0.0,0.0,0.0,0.0,0.0,0.0,-0.0320316325467237,-0.0320316325467237,-0.0320316325467237,-0.0006993391191695,-0.0006993391191695,-0.0006993391191695,-0.0313322934275541,-0.0313322934275541,-0.0313322934275541,0.0,0.0,0.0,6926345.047880065
2024-10-22,7166917.3458512025,6845825.568189815,7025770.2615320105,7166917.3458512025,7166917.3458512025,0.0,0.0,0.0,0.0,0.0,0.0,0.0,0.0,0.0,0.0,0.0,0.0,0.0,0.0,0.0,0.0,0.0,0.0,0.0,0.0,0.0,0.0,0.0,0.0,0.0,0.0,0.0,0.0,0.0,0.0,0.0,0.0,0.0,-0.03187949567884,-0.03187949567884,-0.03187949567884,-0.0009328826298027,-0.0009328826298027,-0.0009328826298027,-0.0309466130490373,-0.0309466130490373,-0.0309466130490373,0.0,0.0,0.0,6938439.635293535
2024-10-23,7178285.728771652,6870340.882987296,7046336.844739627,7178285.728771652,7178285.728771652,0.0,0.0,0.0,0.0,0.0,0.0,0.0,0.0,0.0,0.0,0.0,0.0,0.0,0.0,0.0,0.0,0.0,0.0,0.0,0.0,0.0,0.0,0.0,0.0,0.0,0.0,0.0,0.0,0.0,0.0,0.0,0.0,0.0,-0.0308787512963873,-0.0308787512963873,-0.0308787512963873,-0.0002763532964444,-0.0002763532964444,-0.0002763532964444,-0.0306023979999428,-0.0306023979999428,-0.0306023979999428,0.0,0.0,0.0,6956629.229018506
2024-10-24,7189654.111692103,6880928.187820892,7060235.13551543,7189654.111692103,7189654.111692103,0.0,0.0,0.0,0.0,0.0,0.0,0.0,0.0,0.0,0.0,0.0,0.0,0.0,0.0,0.0,0.0,0.0,0.0,0.0,0.0,0.0,0.0,0.0,0.0,0.0,0.0,0.0,0.0,0.0,0.0,0.0,0.0,0.0,-0.0303339742163917,-0.0303339742163917,-0.0303339742163917,-3.356731100050405e-05,-3.356731100050405e-05,-3.356731100050405e-05,-0.0303004069053912,-0.0303004069053912,-0.0303004069053912,0.0,0.0,0.0,6971563.32924326
2024-10-25,7201022.494612551,6893951.500289673,7070673.83047366,7201022.494612551,7201022.494612551,0.0,0.0,0.0,0.0,0.0,0.0,0.0,0.0,0.0,0.0,0.0,0.0,0.0,0.0,0.0,0.0,0.0,0.0,0.0,0.0,0.0,0.0,0.0,0.0,0.0,0.0,0.0,0.0,0.0,0.0,0.0,0.0,0.0,-0.0300449052952451,-0.0300449052952451,-0.0300449052952451,-4.983770821425667e-06,-4.983770821425667e-06,-4.983770821425667e-06,-0.0300399215244237,-0.0300399215244237,-0.0300399215244237,0.0,0.0,0.0,6984668.455732987
2024-10-26,7212390.877533001,6919539.32426846,7089062.808263706,7212390.877533001,7212390.877533001,0.0,0.0,0.0,0.0,0.0,0.0,0.0,0.0,0.0,0.0,0.0,0.0,0.0,0.0,0.0,0.0,0.0,0.0,0.0,0.0,0.0,0.0,0.0,0.0,0.0,0.0,0.0,0.0,0.0,0.0,0.0,0.0,0.0,-0.0291659831164731,-0.0291659831164731,-0.0291659831164731,0.0006527986307412,0.0006527986307412,0.0006527986307412,-0.0298187817472143,-0.0298187817472143,-0.0298187817472143,0.0,0.0,0.0,7002034.406969469
2024-10-27,7223759.26045345,6935789.4747446105,7106990.330713919,7223759.26045345,7223759.26045345,0.0,0.0,0.0,0.0,0.0,0.0,0.0,0.0,0.0,0.0,0.0,0.0,0.0,0.0,0.0,0.0,0.0,0.0,0.0,0.0,0.0,0.0,0.0,0.0,0.0,0.0,0.0,0.0,0.0,0.0,0.0,0.0,0.0,-0.0283391317848404,-0.0283391317848404,-0.0283391317848404,0.0012943274964949,0.0012943274964949,0.0012943274964949,-0.0296334592813353,-0.0296334592813353,-0.0296334592813353,0.0,0.0,0.0,7019044.194789499
2024-10-28,7235127.643373901,6934089.713209291,7107840.878651818,7235127.643373901,7235127.643373901,0.0,0.0,0.0,0.0,0.0,0.0,0.0,0.0,0.0,0.0,0.0,0.0,0.0,0.0,0.0,0.0,0.0,0.0,0.0,0.0,0.0,0.0,0.0,0.0,0.0,0.0,0.0,0.0,0.0,0.0,0.0,0.0,0.0,-0.0301785068543313,-0.0301785068543313,-0.0301785068543313,-0.0006993391191711,-0.0006993391191711,-0.0006993391191711,-0.0294791677351601,-0.0294791677351601,-0.0294791677351601,0.0,0.0,0.0,7016782.294196379
2024-10-29,7246496.026294351,6937242.217441404,7113399.796278029,7246496.026294351,7246496.026294351,0.0,0.0,0.0,0.0,0.0,0.0,0.0,0.0,0.0,0.0,0.0,0.0,0.0,0.0,0.0,0.0,0.0,0.0,0.0,0.0,0.0,0.0,0.0,0.0,0.0,0.0,0.0,0.0,0.0,0.0,0.0,0.0,0.0,-0.0302828884455314,-0.0302828884455314,-0.0302828884455314,-0.0009328826298026,-0.0009328826298026,-0.0009328826298026,-0.0293500058157288,-0.0293500058157288,-0.0293500058157288,0.0,0.0,0.0,7027051.195509091
2024-10-30,7257864.409214799,6950528.958657829,7131788.131825506,7257864.409214799,7257864.409214799,0.0,0.0,0.0,0.0,0.0,0.0,0.0,0.0,0.0,0.0,0.0,0.0,0.0,0.0,0.0,0.0,0.0,0.0,0.0,0.0,0.0,0.0,0.0,0.0,0.0,0.0,0.0,0.0,0.0,0.0,0.0,0.0,0.0,-0.0295154827631563,-0.0295154827631563,-0.0295154827631563,-0.0002763532964418,-0.0002763532964418,-0.0002763532964418,-0.0292391294667144,-0.0292391294667144,-0.0292391294667144,0.0,0.0,0.0,7043645.037347294
2024-10-31,7269232.79213525,6970986.759237004,7147288.619642988,7269232.79213525,7269232.79213525,0.0,0.0,0.0,0.0,0.0,0.0,0.0,0.0,0.0,0.0,0.0,0.0,0.0,0.0,0.0,0.0,0.0,0.0,0.0,0.0,0.0,0.0,0.0,0.0,0.0,0.0,0.0,0.0,0.0,0.0,0.0,0.0,0.0,-0.0291725153150276,-0.0291725153150276,-0.0291725153150276,-3.356731099975196e-05,-3.356731099975196e-05,-3.356731099975196e-05,-0.0291389480040278,-0.0291389480040278,-0.0291389480040278,0.0,0.0,0.0,7057170.987178183
2024-11-01,7280601.175055699,6836080.926010702,7021399.3702462185,7280601.175055699,7280601.175055699,-0.018855002,-0.018855002,-0.018855002,0.0,0.0,0.0,0.0,0.0,0.0,0.0,0.0,0.0,0.0,0.0,0.0,0.0,0.0,0.0,0.0,0.0,0.0,0.0,0.0,0.0,0.0,0.0,0.0,0.0,0.0,0.0,-0.018855002,-0.018855002,-0.018855002,-0.0479013244539111,-0.0479013244539111,-0.0479013244539111,-4.983770820757364e-06,-4.983770820757364e-06,-4.983770820757364e-06,-0.0290413386830903,-0.0290413386830903,-0.0290413386830903,0.0,0.0,0.0,6931850.73594983
2024-11-02,7291969.557976149,6993059.633303016,7170001.28853805,7291969.557976149,7291969.557976149,0.0,0.0,0.0,0.0,0.0,0.0,0.0,0.0,0.0,0.0,0.0,0.0,0.0,0.0,0.0,0.0,0.0,0.0,0.0,0.0,0.0,0.0,0.0,0.0,0.0,0.0,0.0,0.0,0.0,0.0,0.0,0.0,0.0,-0.0282850750388218,-0.0282850750388218,-0.0282850750388218,0.0006527986307427,0.0006527986307427,0.0006527986307427,-0.0289378736695645,-0.0289378736695645,-0.0289378736695645,0.0,0.0,0.0,7085715.651847989
2024-11-03,7303337.9408966,7016980.685823994,7191775.118422097,7303337.9408966,7303337.9408966,0.0,0.0,0.0,0.0,0.0,0.0,0.0,0.0,0.0,0.0,0.0,0.0,0.0,0.0,0.0,0.0,0.0,0.0,0.0,0.0,0.0,0.0,0.0,0.0,0.0,0.0,0.0,0.0,0.0,0.0,0.0,0.0,0.0,-0.0275257255997026,-0.0275257255997026,-0.0275257255997026,0.0012943274964941,0.0012943274964941,0.0012943274964941,-0.0288200530961968,-0.0288200530961968,-0.0288200530961968,0.0,0.0,0.0,7102308.264773582
2024-11-04,7314706.323817048,7007765.83226445,7191150.961288976,7314706.323817048,7314706.323817048,0.0,0.0,0.0,0.0,0.0,0.0,0.0,0.0,0.0,0.0,0.0,0.0,0.0,0.0,0.0,0.0,0.0,0.0,0.0,0.0,0.0,0.0,0.0,0.0,0.0,0.0,0.0,0.0,0.0,0.0,0.0,0.0,0.0,-0.029378876898585,-0.029378876898585,-0.029378876898585,-0.0006993391191722,-0.0006993391191722,-0.0006993391191722,-0.0286795377794128,-0.0286795377794128,-0.0286795377794128,0.0,0.0,0.0,7099808.467180326
2024-11-05,7326074.706737498,7019426.646171675,7196267.234160554,7326074.706737498,7326074.706737498,0.0,0.0,0.0,0.0,0.0,0.0,0.0,0.0,0.0,0.0,0.0,0.0,0.0,0.0,0.0,0.0,0.0,0.0,0.0,0.0,0.0,0.0,0.0,0.0,0.0,0.0,0.0,0.0,0.0,0.0,0.0,0.0,0.0,-0.02944125787178,-0.02944125787178,-0.02944125787178,-0.0009328826298032,-0.0009328826298032,-0.0009328826298032,-0.0285083752419768,-0.0285083752419768,-0.0285083752419768,0.0,0.0,0.0,7110385.852108513
2024-11-06,7337443.089657948,7042294.024208508,7225392.030056404,7337443.089657948,7337443.089657948,0.0,0.0,0.0,0.0,0.0,0.0,0.0,0.0,0.0,0.0,0.0,0.0,0.0,0.0,0.0,0.0,0.0,0.0,0.0,0.0,0.0,0.0,0.0,0.0,0.0,0.0,0.0,0.0,0.0,0.0,0.0,0.0,0.0,-0.0285755662353267,-0.0285755662353267,-0.0285755662353267,-0.0002763532964425,-0.0002763532964425,-0.0002763532964425,-0.0282992129388842,-0.0282992129388842,-0.0282992129388842,0.0,0.0,0.0,7127771.498651487
2024-11-07,7348811.472578398,7050660.562036805,7235714.048097636,7348811.472578398,7348811.472578398,0.0,0.0,0.0,0.0,0.0,0.0,0.0,0.0,0.0,0.0,0.0,0.0,0.0,0.0,0.0,0.0,0.0,0.0,0.0,0.0,0.0,0.0,0.0,0.0,0.0,0.0,0.0,0.0,0.0,0.0,0.0,0.0,0.0,-0.0280790603150387,-0.0280790603150387,-0.0280790603150387,-3.3567311000393934e-05,-3.3567311000393934e-05,-3.3567311000393934e-05,-0.0280454930040383,-0.0280454930040383,-0.0280454930040383,0.0,0.0,0.0,7142463.751996021
2024-11-08,7360179.855498848,7070015.512264951,7243853.515587813,7360179.855498848,7360179.855498848,0.0,0.0,0.0,0.0,0.0,0.0,0.0,0.0,0.0,0.0,0.0,0.0,0.0,0.0,0.0,0.0,0.0,0.0,0.0,0.0,0.0,0.0,0.0,0.0,0.0,0.0,0.0,0.0,0.0,0.0,0.0,0.0,0.0,-0.0277466071824832,-0.0277466071824832,-0.0277466071824832,-4.983770821938576e-06,-4.983770821938576e-06,-4.983770821938576e-06,-0.0277416234116612,-0.0277416234116612,-0.0277416234116612,0.0,0.0,0.0,7155959.836255895
2024-11-09,7371548.243437414,7083564.221482404,7265589.129564702,7371548.243437414,7371548.243437414,0.0,0.0,0.0,0.0,0.0,0.0,0.0,0.0,0.0,0.0,0.0,0.0,0.0,0.0,0.0,0.0,0.0,0.0,0.0,0.0,0.0,0.0,0.0,0.0,0.0,0.0,0.0,0.0,0.0,0.0,0.0,0.0,0.0,-0.026730322530313,-0.026730322530313,-0.026730322530313,0.0006527986307433,0.0006527986307433,0.0006527986307433,-0.0273831211610563,-0.0273831211610563,-0.0273831211610563,0.0,0.0,0.0,7174504.381342569
2024-11-10,7382916.631375981,7104781.791866561,7283109.410484865,7382916.631375981,7382916.631375981,0.0,0.0,0.0,0.0,0.0,0.0,0.0,0.0,0.0,0.0,0.0,0.0,0.0,0.0,0.0,0.0,0.0,0.0,0.0,0.0,0.0,0.0,0.0,0.0,0.0,0.0,0.0,0.0,0.0,0.0,0.0,0.0,0.0,-0.0256723964279531,-0.0256723964279531,-0.0256723964279531,0.0012943274964937,0.0012943274964937,0.0012943274964937,-0.0269667239244468,-0.0269667239244468,-0.0269667239244468,0.0,0.0,0.0,7193379.468820768
2024-11-11,7394285.019314548,7109000.075383782,7280977.179303865,7394285.019314548,7394285.019314548,0.0,0.0,0.0,0.0,0.0,0.0,0.0,0.0,0.0,0.0,0.0,0.0,0.0,0.0,0.0,0.0,0.0,0.0,0.0,0.0,0.0,0.0,0.0,0.0,0.0,0.0,0.0,0.0,0.0,0.0,0.0,0.0,0.0,-0.0271898066395801,-0.0271898066395801,-0.0271898066395801,-0.0006993391191668,-0.0006993391191668,-0.0006993391191668,-0.0264904675204132,-0.0264904675204132,-0.0264904675204132,0.0,0.0,0.0,7193235.839401442
2024-11-12,7405653.407253114,7111899.821631935,7290288.694255551,7405653.407253114,7405653.407253114,0.0,0.0,0.0,0.0,0.0,0.0,0.0,0.0,0.0,0.0,0.0,0.0,0.0,0.0,0.0,0.0,0.0,0.0,0.0,0.0,0.0,0.0,0.0,0.0,0.0,0.0,0.0,0.0,0.0,0.0,0.0,0.0,0.0,-0.0268866101923422,-0.0268866101923422,-0.0268866101923422,-0.0009328826298043,-0.0009328826298043,-0.0009328826298043,-0.0259537275625379,-0.0259537275625379,-0.0259537275625379,0.0,0.0,0.0,7206540.490872708
2024-11-13,7417021.795191681,7137101.405574167,7322182.221916531,7417021.795191681,7417021.795191681,0.0,0.0,0.0,0.0,0.0,0.0,0.0,0.0,0.0,0.0,0.0,0.0,0.0,0.0,0.0,0.0,0.0,0.0,0.0,0.0,0.0,0.0,0.0,0.0,0.0,0.0,0.0,0.0,0.0,0.0,0.0,0.0,0.0,-0.0256335779517962,-0.0256335779517962,-0.0256335779517962,-0.0002763532964431,-0.0002763532964431,-0.0002763532964431,-0.025357224655353,-0.025357224655353,-0.025357224655353,0.0,0.0,0.0,7226896.988834464
2024-11-14,7428390.183130248,7155868.102526326,7332582.852580155,7428390.183130248,7428390.183130248,0.0,0.0,0.0,0.0,0.0,0.0,0.0,0.0,0.0,0.0,0.0,0.0,0.0,0.0,0.0,0.0,0.0,0.0,0.0,0.0,0.0,0.0,0.0,0.0,0.0,0.0,0.0,0.0,0.0,0.0,0.0,0.0,0.0,-0.0247365608488681,-0.0247365608488681,-0.0247365608488681,-3.356731099932774e-05,-3.356731099932774e-05,-3.356731099932774e-05,-0.0247029935378688,-0.0247029935378688,-0.0247029935378688,0.0,0.0,0.0,7244637.357356111
2024-11-15,7439758.571068815,7171395.707826647,7358246.632604458,7439758.571068815,7439758.571068815,0.0,0.0,0.0,0.0,0.0,0.0,0.0,0.0,0.0,0.0,0.0,0.0,0.0,0.0,0.0,0.0,0.0,0.0,0.0,0.0,0.0,0.0,0.0,0.0,0.0,0.0,0.0,0.0,0.0,0.0,0.0,0.0,0.0,-0.023999301349909,-0.023999301349909,-0.023999301349909,-4.9837708212703005e-06,-4.9837708212703005e-06,-4.9837708212703005e-06,-0.0239943175790878,-0.0239943175790878,-0.0239943175790878,0.0,0.0,0.0,7261209.563151165
2024-11-16,7451126.959007381,7195132.527256472,7369617.44851593,7451126.959007381,7451126.959007381,0.0,0.0,0.0,0.0,0.0,0.0,0.0,0.0,0.0,0.0,0.0,0.0,0.0,0.0,0.0,0.0,0.0,0.0,0.0,0.0,0.0,0.0,0.0,0.0,0.0,0.0,0.0,0.0,0.0,0.0,0.0,0.0,0.0,-0.0225828323508848,-0.0225828323508848,-0.0225828323508848,0.0006527986307404,0.0006527986307404,0.0006527986307404,-0.0232356309816252,-0.0232356309816252,-0.0232356309816252,0.0,0.0,0.0,7282859.408066959
2024-11-17,7462495.346945949,7210509.865334457,7395901.518114302,7462495.346945949,7462495.346945949,0.0,0.0,0.0,0.0,0.0,0.0,0.0,0.0,0.0,0.0,0.0,0.0,0.0,0.0,0.0,0.0,0.0,0.0,0.0,0.0,0.0,0.0,0.0,0.0,0.0,0.0,0.0,0.0,0.0,0.0,0.0,0.0,0.0,-0.0211380644251757,-0.0211380644251757,-0.0211380644251757,0.0012943274964929,0.0012943274964929,0.0012943274964929,-0.0224323919216687,-0.0224323919216687,-0.0224323919216687,0.0,0.0,0.0,7304752.639529631
2024-11-18,7473863.734884515,7218650.991632635,7397862.142603848,7473863.734884515,7473863.734884515,0.0,0.0,0.0,0.0,0.0,0.0,0.0,0.0,0.0,0.0,0.0,0.0,0.0,0.0,0.0,0.0,0.0,0.0,0.0,0.0,0.0,0.0,0.0,0.0,0.0,0.0,0.0,0.0,0.0,0.0,0.0,0.0,0.0,-0.0222902697411032,-0.0222902697411032,-0.0222902697411032,-0.0006993391191678,-0.0006993391191678,-0.0006993391191678,-0.0215909306219353,-0.0215909306219353,-0.0215909306219353,0.0,0.0,0.0,7307269.29622569
2024-11-19,7485232.122823082,7233795.830152681,7412624.163370545,7485232.122823082,7485232.122823082,0.0,0.0,0.0,0.0,0.0,0.0,0.0,0.0,0.0,0.0,0.0,0.0,0.0,0.0,0.0,0.0,0.0,0.0,0.0,0.0,0.0,0.0,0.0,0.0,0.0,0.0,0.0,0.0,0.0,0.0,0.0,0.0,0.0,-0.0216511596277485,-0.0216511596277485,-0.0216511596277485,-0.0009328826298031,-0.0009328826298031,-0.0009328826298031,-0.0207182769979454,-0.0207182769979454,-0.0207182769979454,0.0,0.0,0.0,7323168.167281088
2024-11-20,7496600.510761649,7256735.033862192,7437369.699854905,7496600.510761649,7496600.510761649,0.0,0.0,0.0,0.0,0.0,0.0,0.0,0.0,0.0,0.0,0.0,0.0,0.0,0.0,0.0,0.0,0.0,0.0,0.0,0.0,0.0,0.0,0.0,0.0,0.0,0.0,0.0,0.0,0.0,0.0,0.0,0.0,0.0,-0.0200983263160158,-0.0200983263160158,-0.0200983263160158,-0.0002763532964421,-0.0002763532964421,-0.0002763532964421,-0.0198219730195736,-0.0198219730195736,-0.0198219730195736,0.0,0.0,0.0,7345931.387435551
2024-11-21,7507968.898700215,7272276.50547746,7449163.112754387,7507968.898700215,7507968.898700215,0.0,0.0,0.0,0.0,0.0,0.0,0.0,0.0,0.0,0.0,0.0,0.0,0.0,0.0,0.0,0.0,0.0,0.0,0.0,0.0,0.0,0.0,0.0,0.0,0.0,0.0,0.0,0.0,0.0,0.0,0.0,0.0,0.0,-0.0189434425877097,-0.0189434425877097,-0.0189434425877097,-3.356731100167787e-05,-3.356731100167787e-05,-3.356731100167787e-05,-0.0189098752767081,-0.0189098752767081,-0.0189098752767081,0.0,0.0,0.0,7365742.120917377
2024-11-22,7519337.286638781,7297132.123356905,7471164.900203367,7519337.286638781,7519337.286638781,0.0,0.0,0.0,0.0,0.0,0.0,0.0,0.0,0.0,0.0,0.0,0.0,0.0,0.0,0.0,0.0,0.0,0.0,0.0,0.0,0.0,0.0,0.0,0.0,0.0,0.0,0.0,0.0,0.0,0.0,0.0,0.0,0.0,-0.0179949371923194,-0.0179949371923194,-0.0179949371923194,-4.983770820601971e-06,-4.983770820601971e-06,-4.983770820601971e-06,-0.0179899534214988,-0.0179899534214988,-0.0179899534214988,0.0,0.0,0.0,7384027.284437851
2024-11-23,7530705.674577349,7317735.928686488,7503628.55227069,7530705.674577349,7530705.674577349,0.0,0.0,0.0,0.0,0.0,0.0,0.0,0.0,0.0,0.0,0.0,0.0,0.0,0.0,0.0,0.0,0.0,0.0,0.0,0.0,0.0,0.0,0.0,0.0,0.0,0.0,0.0,0.0,0.0,0.0,0.0,0.0,0.0,-0.0164172915463574,-0.0164172915463574,-0.0164172915463574,0.00065279863074,0.00065279863074,0.00065279863074,-0.0170700901770975,-0.0170700901770975,-0.0170700901770975,0.0,0.0,0.0,7407071.883968004
2024-11-24,7542074.062515915,7350430.441680063,7523589.280197048,7542074.062515915,7542074.062515915,0.0,0.0,0.0,0.0,0.0,0.0,0.0,0.0,0.0,0.0,0.0,0.0,0.0,0.0,0.0,0.0,0.0,0.0,0.0,0.0,0.0,0.0,0.0,0.0,0.0,0.0,0.0,0.0,0.0,0.0,0.0,0.0,0.0,-0.0148635609587368,-0.0148635609587368,-0.0148635609587368,0.0012943274964921,0.0012943274964921,0.0012943274964921,-0.0161578884552289,-0.0161578884552289,-0.0161578884552289,0.0,0.0,0.0,7429971.984932402
2024-11-25,7553442.450454482,7345524.517480776,7525516.304418837,7553442.450454482,7553442.450454482,0.0,0.0,0.0,0.0,0.0,0.0,0.0,0.0,0.0,0.0,0.0,0.0,0.0,0.0,0.0,0.0,0.0,0.0,0.0,0.0,0.0,0.0,0.0,0.0,0.0,0.0,0.0,0.0,0.0,0.0,0.0,0.0,0.0,-0.015959829938131,-0.015959829938131,-0.015959829938131,-0.0006993391191689,-0.0006993391191689,-0.0006993391191689,-0.0152604908189621,-0.0152604908189621,-0.0152604908189621,0.0,0.0,0.0,7432890.793497768
2024-11-26,7564810.838393049,7362517.635465866,7535157.452322103,7564810.838393049,7564810.838393049,0.0,0.0,0.0,0.0,0.0,0.0,0.0,0.0,0.0,0.0,0.0,0.0,0.0,0.0,0.0,0.0,0.0,0.0,0.0,0.0,0.0,0.0,0.0,0.0,0.0,0.0,0.0,0.0,0.0,0.0,0.0,0.0,0.0,-0.0153172987034741,-0.0153172987034741,-0.0153172987034741,-0.000932882629803,-0.000932882629803,-0.000932882629803,-0.014384416073671,-0.014384416073671,-0.014384416073671,0.0,0.0,0.0,7448938.371146104
2024-11-27,7576179.226331616,7383571.302948908,7558335.012151662,7576179.226331616,7576179.226331616,0.0,0.0,0.0,0.0,0.0,0.0,0.0,0.0,0.0,0.0,0.0,0.0,0.0,0.0,0.0,0.0,0.0,0.0,0.0,0.0,0.0,0.0,0.0,0.0,0.0,0.0,0.0,0.0,0.0,0.0,0.0,0.0,0.0,-0.0138117704800525,-0.0138117704800525,-0.0138117704800525,-0.0002763532964461,-0.0002763532964461,-0.0002763532964461,-0.0135354171836063,-0.0135354171836063,-0.0135354171836063,0.0,0.0,0.0,7471538.777741781
2024-11-28,7587547.614270182,7405071.77887952,7575391.836469718,7587547.614270182,7587547.614270182,0.0,0.0,0.0,0.0,0.0,0.0,0.0,0.0,0.0,0.0,0.0,0.0,0.0,0.0,0.0,0.0,0.0,0.0,0.0,0.0,0.0,0.0,0.0,0.0,0.0,0.0,0.0,0.0,0.0,0.0,0.0,0.0,0.0,-0.0127519313236417,-0.0127519313236417,-0.0127519313236417,-3.356731100061168e-05,-3.356731100061168e-05,-3.356731100061168e-05,-0.0127183640126411,-0.0127183640126411,-0.0127183640126411,0.0,0.0,0.0,7490791.728178147
2024-11-29,7598916.00220875,7418275.430223603,7597095.89635228,7598916.00220875,7598916.00220875,0.0,0.0,0.0,0.0,0.0,0.0,0.0,0.0,0.0,0.0,0.0,0.0,0.0,0.0,0.0,0.0,0.0,0.0,0.0,0.0,0.0,0.0,0.0,0.0,0.0,0.0,0.0,0.0,0.0,0.0,0.0,0.0,0.0,-0.0119421373688102,-0.0119421373688102,-0.0119421373688102,-4.983770819933723e-06,-4.983770819933723e-06,-4.983770819933723e-06,-0.0119371535979902,-0.0119371535979902,-0.0119371535979902,0.0,0.0,0.0,7508168.703456323
2024-11-30,7610284.390147316,7442267.406249887,7624270.964254801,7610284.390147316,7610284.390147316,0.0,0.0,0.0,0.0,0.0,0.0,0.0,0.0,0.0,0.0,0.0,0.0,0.0,0.0,0.0,0.0,0.0,0.0,0.0,0.0,0.0,0.0,0.0,0.0,0.0,0.0,0.0,0.0,0.0,0.0,0.0,0.0,0.0,-0.0105418511786518,-0.0105418511786518,-0.0105418511786518,0.0006527986307416,0.0006527986307416,0.0006527986307416,-0.0111946498093934,-0.0111946498093934,-0.0111946498093934,0.0,0.0,0.0,7530057.904679166
2024-12-01,7621652.778085883,7466420.388815574,7638845.163473219,7621652.778085883,7621652.778085883,0.0,0.0,0.0,0.0,0.0,0.0,0.0,0.0,0.0,0.0,0.0,0.0,0.0,0.0,0.0,0.0,0.0,0.0,0.0,0.0,0.0,0.0,0.0,0.0,0.0,0.0,0.0,0.0,0.0,0.0,0.0,0.0,0.0,-0.0091983258533603,-0.0091983258533603,-0.0091983258533603,0.0012943274964914,0.0012943274964914,0.0012943274964914,-0.0104926533498518,-0.0104926533498518,-0.0104926533498518,0.0,0.0,0.0,7551546.33229188
2024-12-02,7633021.166024449,7468195.723573966,7643008.857015962,7633021.166024449,7633021.166024449,0.0,0.0,0.0,0.0,0.0,0.0,0.0,0.0,0.0,0.0,0.0,0.0,0.0,0.0,0.0,0.0,0.0,0.0,0.0,0.0,0.0,0.0,0.0,0.0,0.0,0.0,0.0,0.0,0.0,0.0,0.0,0.0,0.0,-0.0105312412638806,-0.0105312412638806,-0.0105312412638806,-0.0006993391191635,-0.0006993391191635,-0.0006993391191635,-0.0098319021447171,-0.0098319021447171,-0.0098319021447171,0.0,0.0,0.0,7552635.978552737
2024-12-03,7644389.553963017,7483599.010231394,7658425.650770407,7644389.553963017,7644389.553963017,0.0,0.0,0.0,0.0,0.0,0.0,0.0,0.0,0.0,0.0,0.0,0.0,0.0,0.0,0.0,0.0,0.0,0.0,0.0,0.0,0.0,0.0,0.0,0.0,0.0,0.0,0.0,0.0,0.0,0.0,0.0,0.0,0.0,-0.010144983900928,-0.010144983900928,-0.010144983900928,-0.000932882629803,-0.000932882629803,-0.000932882629803,-0.009212101271125,-0.009212101271125,-0.009212101271125,0.0,0.0,0.0,7566837.34500564
2024-12-04,7655757.941901583,7502835.181856886,7677852.836995281,7655757.941901583,7655757.941901583,0.0,0.0,0.0,0.0,0.0,0.0,0.0,0.0,0.0,0.0,0.0,0.0,0.0,0.0,0.0,0.0,0.0,0.0,0.0,0.0,0.0,0.0,0.0,0.0,0.0,0.0,0.0,0.0,0.0,0.0,0.0,0.0,0.0,-0.0089083340223768,-0.0089083340223768,-0.0089083340223768,-0.0002763532964435,-0.0002763532964435,-0.0002763532964435,-0.0086319807259332,-0.0086319807259332,-0.0086319807259332,0.0,0.0,0.0,7587557.892960659
2024-12-05,7667126.32984015,7513949.4800181985,7687277.209776304,7667126.32984015,7667126.32984015,0.0,0.0,0.0,0.0,0.0,0.0,0.0,0.0,0.0,0.0,0.0,0.0,0.0,0.0,0.0,0.0,0.0,0.0,0.0,0.0,0.0,0.0,0.0,0.0,0.0,0.0,0.0,0.0,0.0,0.0,0.0,0.0,0.0,-0.0081229458535822,-0.0081229458535822,-0.0081229458535822,-3.356731100156775e-05,-3.356731100156775e-05,-3.356731100156775e-05,-0.0080893785425806,-0.0080893785425806,-0.0080893785425806,0.0,0.0,0.0,7604846.677810283
2024-12-06,7678494.717778717,7456862.675389386,7634092.683216951,7678494.717778717,7678494.717778717,0.0,0.0,0.0,0.0,0.0,0.0,0.0,0.0,0.0,-0.0097707295,-0.0097707295,-0.0097707295,0.0,0.0,0.0,0.0,0.0,0.0,0.0,0.0,0.0,0.0,0.0,0.0,0.0,0.0,0.0,0.0,0.0,0.0,-0.0097707295,-0.0097707295,-0.0097707295,-0.0173570593393379,-0.0173570593393379,-0.0173570593393379,-4.983770820725841e-06,-4.983770820725841e-06,-4.983770820725841e-06,-0.0075813460685172,-0.0075813460685172,-0.0075813460685172,0.0,0.0,0.0,7545218.629325439
2024-12-07,7689863.105717284,7553578.585004265,7728102.540085134,7689863.105717284,7689863.105717284,0.0,0.0,0.0,0.0,0.0,0.0,0.0,0.0,0.0,0.0,0.0,0.0,0.0,0.0,0.0,0.0,0.0,0.0,0.0,0.0,0.0,0.0,0.0,0.0,0.0,0.0,0.0,0.0,0.0,0.0,0.0,0.0,0.0,-0.0064514729940721,-0.0064514729940721,-0.0064514729940721,0.0006527986307421,0.0006527986307421,0.0006527986307421,-0.0071042716248143,-0.0071042716248143,-0.0071042716248143,0.0,0.0,0.0,7640252.161562637
2024-12-08,7701231.493655851,7567260.235870654,7754317.674677406,7701231.493655851,7701231.493655851,0.0,0.0,0.0,0.0,0.0,0.0,0.0,0.0,0.0,0.0,0.0,0.0,0.0,0.0,0.0,0.0,0.0,0.0,0.0,0.0,0.0,0.0,0.0,0.0,0.0,0.0,0.0,0.0,0.0,0.0,0.0,0.0,0.0,-0.0053596908082027,-0.0053596908082027,-0.0053596908082027,0.0012943274964943,0.0012943274964943,0.0012943274964943,-0.006654018304697,-0.006654018304697,-0.006654018304697,0.0,0.0,0.0,7659955.274007462
2024-12-09,7712599.884776402,7571397.829289022,7744205.380374227,7712599.884776402,7712599.884776402,0.0,0.0,0.0,0.0,0.0,0.0,0.0,0.0,0.0,0.0,0.0,0.0,0.0,0.0,0.0,0.0,0.0,0.0,0.0,0.0,0.0,0.0,0.0,0.0,0.0,0.0,0.0,0.0,0.0,0.0,0.0,0.0,0.0,-0.0069254104596134,-0.0069254104596134,-0.0069254104596134,-0.0006993391191651,-0.0006993391191651,-0.0006993391191651,-0.0062260713404482,-0.0062260713404482,-0.0062260713404482,0.0,0.0,0.0,7659186.964863558
2024-12-10,7723968.275896954,7586874.311223618,7763832.316737518,7723968.275896954,7723968.275896954,0.0,0.0,0.0,0.0,0.0,0.0,0.0,0.0,0.0,0.0,0.0,0.0,0.0,0.0,0.0,0.0,0.0,0.0,0.0,0.0,0.0,0.0,0.0,0.0,0.0,0.0,0.0,0.0,0.0,0.0,0.0,0.0,0.0,-0.0067485729162447,-0.0067485729162447,-0.0067485729162447,-0.0009328826298029,-0.0009328826298029,-0.0009328826298029,-0.0058156902864417,-0.0058156902864417,-0.0058156902864417,0.0,0.0,0.0,7671842.512784302
2024-12-11,7735336.667017506,7602887.512548284,7779699.340143731,7735336.667017506,7735336.667017506,0.0,0.0,0.0,0.0,0.0,0.0,0.0,0.0,0.0,0.0,0.0,0.0,0.0,0.0,0.0,0.0,0.0,0.0,0.0,0.0,0.0,0.0,0.0,0.0,0.0,0.0,0.0,0.0,0.0,0.0,0.0,0.0,0.0,-0.0056944145302001,-0.0056944145302001,-0.0056944145302001,-0.0002763532964442,-0.0002763532964442,-0.0002763532964442,-0.0054180612337559,-0.0054180612337559,-0.0054180612337559,0.0,0.0,0.0,7691288.453504852
2024-12-12,7746705.058138058,7615936.221012495,7790721.054539494,7746705.058138058,7746705.058138058,0.0,0.0,0.0,0.0,0.0,0.0,0.0,0.0,0.0,0.0,0.0,0.0,0.0,0.0,0.0,0.0,0.0,0.0,0.0,0.0,0.0,0.0,0.0,0.0,0.0,0.0,0.0,0.0,0.0,0.0,0.0,0.0,0.0,-0.0050620116984735,-0.0050620116984735,-0.0050620116984735,-3.356731100050156e-05,-3.356731100050156e-05,-3.356731100050156e-05,-0.005028444387473,-0.005028444387473,-0.005028444387473,0.0,0.0,0.0,7707491.146509139
2024-12-13,7758073.44925861,7634668.422324978,7802915.210009113,7758073.44925861,7758073.44925861,0.0,0.0,0.0,0.0,0.0,0.0,0.0,0.0,0.0,0.0,0.0,0.0,0.0,0.0,0.0,0.0,0.0,0.0,0.0,0.0,0.0,0.0,0.0,0.0,0.0,0.0,0.0,0.0,0.0,0.0,0.0,0.0,0.0,-0.0046472963671579,-0.0046472963671579,-0.0046472963671579,-4.983770821907134e-06,-4.983770821907134e-06,-4.983770821907134e-06,-0.004642312596336,-0.004642312596336,-0.004642312596336,0.0,0.0,0.0,7722019.382701726
2024-12-14,7769441.840379162,7648616.447830626,7832088.762358307,7769441.840379162,7769441.840379162,0.0,0.0,0.0,0.0,0.0,0.0,0.0,0.0,0.0,0.0,0.0,0.0,0.0,0.0,0.0,0.0,0.0,0.0,0.0,0.0,0.0,0.0,0.0,0.0,0.0,0.0,0.0,0.0,0.0,0.0,0.0,0.0,0.0,-0.0036026781848704,-0.0036026781848704,-0.0036026781848704,0.0006527986307427,0.0006527986307427,0.0006527986307427,-0.0042554768156132,-0.0042554768156132,-0.0042554768156132,0.0,0.0,0.0,7741451.041752208
2024-12-15,7780810.231499713,7676608.255721943,7848703.421928302,7780810.231499713,7780810.231499713,0.0,0.0,0.0,0.0,0.0,0.0,0.0,0.0,0.0,0.0,0.0,0.0,0.0,0.0,0.0,0.0,0.0,0.0,0.0,0.0,0.0,0.0,0.0,0.0,0.0,0.0,0.0,0.0,0.0,0.0,0.0,0.0,0.0,-0.0025698674977482,-0.0025698674977482,-0.0025698674977482,0.0012943274964939,0.0012943274964939,0.0012943274964939,-0.0038641949942421,-0.0038641949942421,-0.0038641949942421,0.0,0.0,0.0,7760814.580179634
2024-12-16,7792178.622620265,7671923.959955875,7842124.648827773,7792178.622620265,7792178.622620265,0.0,0.0,0.0,0.0,0.0,0.0,0.0,0.0,0.0,0.0,0.0,0.0,0.0,0.0,0.0,0.0,0.0,0.0,0.0,0.0,0.0,0.0,0.0,0.0,0.0,0.0,0.0,0.0,0.0,0.0,0.0,0.0,0.0,-0.0041646006082158,-0.0041646006082158,-0.0041646006082158,-0.0006993391191656,-0.0006993391191656,-0.0006993391191656,-0.0034652614890502,-0.0034652614890502,-0.0034652614890502,0.0,0.0,0.0,7759727.310789173
2024-12-17,7803547.013740817,7679923.889765971,7864335.78024556,7803547.013740817,7803547.013740817,0.0,0.0,0.0,0.0,0.0,0.0,0.0,0.0,0.0,0.0,0.0,0.0,0.0,0.0,0.0,0.0,0.0,0.0,0.0,0.0,0.0,0.0,0.0,0.0,0.0,0.0,0.0,0.0,0.0,0.0,0.0,0.0,0.0,-0.0039889574315366,-0.0039889574315366,-0.0039889574315366,-0.0009328826298016,-0.0009328826298016,-0.0009328826298016,-0.0030560748017349,-0.0030560748017349,-0.0030560748017349,0.0,0.0,0.0,7772418.996888011
2024-12-18,7814915.404861368,7702354.003407073,7886812.703105609,7814915.404861368,7814915.404861368,0.0,0.0,0.0,0.0,0.0,0.0,0.0,0.0,0.0,0.0,0.0,0.0,0.0,0.0,0.0,0.0,0.0,0.0,0.0,0.0,0.0,0.0,0.0,0.0,0.0,0.0,0.0,0.0,0.0,0.0,0.0,0.0,0.0,-0.0029110354822239,-0.0029110354822239,-0.0029110354822239,-0.0002763532964432,-0.0002763532964432,-0.0002763532964432,-0.0026346821857806,-0.0026346821857806,-0.0026346821857806,0.0,0.0,0.0,7792165.908827239
2024-12-19,7826283.79598192,7719938.474366291,7899251.527054005,7826283.79598192,7826283.79598192,0.0,0.0,0.0,0.0,0.0,0.0,0.0,0.0,0.0,0.0,0.0,0.0,0.0,0.0,0.0,0.0,0.0,0.0,0.0,0.0,0.0,0.0,0.0,0.0,0.0,0.0,0.0,0.0,0.0,0.0,0.0,0.0,0.0,-0.0022333677669805,-0.0022333677669805,-0.0022333677669805,-3.3567310999435364e-05,-3.3567310999435364e-05,-3.3567310999435364e-05,-0.0021998004559811,-0.0021998004559811,-0.0021998004559811,0.0,0.0,0.0,7808804.826016732
2024-12-20,7837652.187102472,7730237.641466417,7912005.107535846,7837652.187102472,7837652.187102472,0.0,0.0,0.0,0.0,0.0,0.0,0.0,0.0,0.0,0.0,0.0,0.0,0.0,0.0,0.0,0.0,0.0,0.0,0.0,0.0,0.0,0.0,0.0,0.0,0.0,0.0,0.0,0.0,0.0,0.0,0.0,0.0,0.0,-0.001755796898784,-0.001755796898784,-0.001755796898784,-4.983770822699225e-06,-4.983770822699225e-06,-4.983770822699225e-06,-0.0017508131279613,-0.0017508131279613,-0.0017508131279613,0.0,0.0,0.0,7823890.86169861
2024-12-21,7849020.578223024,7757290.090173864,7930722.430721833,7849020.578223024,7849020.578223024,0.0,0.0,0.0,0.0,0.0,0.0,0.0,0.0,0.0,0.0,0.0,0.0,0.0,0.0,0.0,0.0,0.0,0.0,0.0,0.0,0.0,0.0,0.0,0.0,0.0,0.0,0.0,0.0,0.0,0.0,0.0,0.0,0.0,-0.0006349461626804,-0.0006349461626804,-0.0006349461626804,0.0006527986307433,0.0006527986307433,0.0006527986307433,-0.0012877447934238,-0.0012877447934238,-0.0012877447934238,0.0,0.0,0.0,7844036.872726081
2024-12-22,7860388.969343577,7779760.962113575,7955061.144078132,7860388.969343577,7860388.969343577,0.0,0.0,0.0,0.0,0.0,0.0,0.0,0.0,0.0,0.0,0.0,0.0,0.0,0.0,0.0,0.0,0.0,0.0,0.0,0.0,0.0,0.0,0.0,0.0,0.0,0.0,0.0,0.0,0.0,0.0,0.0,0.0,0.0,0.0004831131219335,0.0004831131219335,0.0004831131219335,0.0012943274964932,0.0012943274964932,0.0012943274964932,-0.0008112143745597,-0.0008112143745597,-0.0008112143745597,0.0,0.0,0.0,7864186.426398168
2024-12-23,7871757.360464127,7777605.374352465,7947428.700684476,7871757.360464127,7871757.360464127,0.0,0.0,0.0,0.0,0.0,0.0,0.0,0.0,0.0,0.0,0.0,0.0,0.0,0.0,0.0,0.0,0.0,0.0,0.0,0.0,0.0,0.0,0.0,0.0,0.0,0.0,0.0,0.0,0.0,0.0,0.0,0.0,0.0,-0.0010217086940197,-0.0010217086940197,-0.0010217086940197,-0.0006993391191672,-0.0006993391191672,-0.0006993391191672,-0.0003223695748525,-0.0003223695748525,-0.0003223695748525,0.0,0.0,0.0,7863714.717531727
2024-12-24,7883125.75158468,7787663.920462232,7965314.815819345,7883125.75158468,7883125.75158468,0.0,0.0,0.0,0.0,0.0,0.0,0.0,0.0,0.0,0.0,0.0,0.0,0.0,0.0,0.0,0.0,0.0,0.0,0.0,0.0,0.0,0.0,0.0,0.0,0.0,0.0,0.0,0.0,0.0,0.0,0.0,0.0,0.0,-0.0007556880624689,-0.0007556880624689,-0.0007556880624689,-0.0009328826298034,-0.0009328826298034,-0.0009328826298034,0.0001771945673344,0.0001771945673344,0.0001771945673344,0.0,0.0,0.0,7877168.5675592655
2024-12-25,7894494.142705232,7874979.544289695,8047941.074699788,7894494.142705232,7894494.142705232,0.0,0.0,0.0,0.0,0.0,0.0,0.0078037725,0.0078037725,0.0078037725,0.0,0.0,0.0,0.0,0.0,0.0,0.0,0.0,0.0,0.0,0.0,0.0,0.0,0.0,0.0,0.0,0.0,0.0,0.0,0.0,0.0,0.0078037725,0.0078037725,0.0078037725,0.0082129488333356,0.0082129488333356,0.0082129488333356,-0.0002763532964422,-0.0002763532964422,-0.0002763532964422,0.0006855296297778,0.0006855296297778,0.0006855296297778,0.0,0.0,0.0,7959331.219164337
2024-12-26,7905862.533825783,7830366.588360738,8002523.688039361,7905862.533825783,7905862.533825783,0.0,0.0,0.0,0.0,0.0,0.0,0.0,0.0,0.0,0.0,0.0,0.0,0.0,0.0,0.0,0.0,0.0,0.0,0.0,0.0,0.0,0.0,0.0,0.0,0.0,0.0,0.0,0.0,0.0,0.0,0.0,0.0,0.0,0.0011668691896731,0.0011668691896731,0.0011668691896731,-3.3567311001785494e-05,-3.3567311001785494e-05,-3.3567311001785494e-05,0.0012004365006748,0.0012004365006748,0.0012004365006748,0.0,0.0,0.0,7915087.641234295
2024-12-27,7917230.924946335,7839727.604242071,8016673.765382786,7917230.924946335,7917230.924946335,0.0,0.0,0.0,0.0,0.0,0.0,0.0,0.0,0.0,0.0,0.0,0.0,0.0,0.0,0.0,0.0,0.0,0.0,0.0,0.0,0.0,0.0,0.0,0.0,0.0,0.0,0.0,0.0,0.0,0.0,0.0,0.0,0.0,0.001714589043894,0.001714589043894,0.001714589043894,-4.983770820570665e-06,-4.983770820570665e-06,-4.983770820570665e-06,0.0017195728147146,0.0017195728147146,0.0017195728147146,0.0,0.0,0.0,7930805.722348228
2024-12-28,7928599.316066887,7865741.662882507,8040272.026540355,7928599.316066887,7928599.316066887,0.0,0.0,0.0,0.0,0.0,0.0,0.0,0.0,0.0,0.0,0.0,0.0,0.0,0.0,0.0,0.0,0.0,0.0,0.0,0.0,0.0,0.0,0.0,0.0,0.0,0.0,0.0,0.0,0.0,0.0,0.0,0.0,0.0,0.002893359655439,0.002893359655439,0.002893359655439,0.0006527986307448,0.0006527986307448,0.0006527986307448,0.0022405610246942,0.0022405610246942,0.0022405610246942,0.0,0.0,0.0,7951539.605452136
2024-12-29,7939967.707187438,7887460.724288428,8063325.506984941,7939967.707187438,7939967.707187438,0.0,0.0,0.0,0.0,0.0,0.0,0.0,0.0,0.0,0.0,0.0,0.0,0.0,0.0,0.0,0.0,0.0,0.0,0.0,0.0,0.0,0.0,0.0,0.0,0.0,0.0,0.0,0.0,0.0,0.0,0.0,0.0,0.0,0.0040554205320574,0.0040554205320574,0.0040554205320574,0.0012943274964963,0.0012943274964963,0.0012943274964963,0.002761093035561,0.002761093035561,0.002761093035561,0.0,0.0,0.0,7972167.615251038
2024-12-30,7951336.0983079905,7887855.998069486,8062918.369835518,7951336.0983079905,7951336.0983079905,0.0,0.0,0.0,0.0,0.0,0.0,0.0,0.0,0.0,0.0,0.0,0.0,0.0,0.0,0.0,0.0,0.0,0.0,0.0,0.0,0.0,0.0,0.0,0.0,0.0,0.0,0.0,0.0,0.0,0.0,0.0,0.0,0.0,0.0025796883778171,0.0025796883778171,0.0025796883778171,-0.0006993391191688,-0.0006993391191688,-0.0006993391191688,0.003279027496986,0.003279027496986,0.003279027496986,0.0,0.0,0.0,7971848.067628914
2024-12-31,7962704.489428543,7899168.517644304,8071545.902155536,7962704.489428543,7962704.489428543,0.0,0.0,0.0,0.0,0.0,0.0,0.0,0.0,0.0,0.0,0.0,0.0,0.0,0.0,0.0,0.0,0.0,0.0,0.0,0.0,0.0,0.0,0.0,0.0,0.0,0.0,0.0,0.0,0.0,0.0,0.0,0.0,0.0,0.0028595935197664,0.0028595935197664,0.0028595935197664,-0.0009328826298021,-0.0009328826298021,-0.0009328826298021,0.0037924761495686,0.0037924761495686,0.0037924761495686,0.0,0.0,0.0,7985474.587586327
2025-01-01,7974072.880549094,7944487.667590843,8126613.79275284,7974072.880549094,7974072.880549094,0.0,0.0,0.0,0.0,0.0,0.0,0.0,0.0,0.0,0.0,0.0,0.0,0.0,0.0,0.0,0.0,0.0,0.0,0.0,0.0,0.0,0.0,0.0,0.0,0.0,0.0,0.0,0.0038295555,0.0038295555,0.0038295555,0.0038295555,0.0038295555,0.0038295555,0.0078530782421242,0.0078530782421242,0.0078530782421242,-0.0002763532964412,-0.0002763532964412,-0.0002763532964412,0.0042998760385655,0.0042998760385655,0.0042998760385655,0.0,0.0,0.0,8036693.898788447
2025-01-02,7985441.271669646,7933106.258860807,8111261.075642362,7985441.271669646,7985441.271669646,0.0,0.0,0.0,0.0,0.0,0.0,0.0,0.0,0.0,0.0,0.0,0.0,0.0,0.0,0.0,0.0,0.0,0.0,0.0,0.0,0.0,0.0,0.0,0.0,0.0,0.0,0.0,0.0,0.0,0.0,0.0,0.0,0.0,0.0047664776221944,0.0047664776221944,0.0047664776221944,-3.3567311000719303e-05,-3.3567311000719303e-05,-3.3567311000719303e-05,0.0048000449331951,0.0048000449331951,0.0048000449331951,0.0,0.0,0.0,8023503.698794408
2025-01-03,7996809.662790198,7954219.90774544,8130650.321269733,7996809.662790198,7996809.662790198,0.0,0.0,0.0,0.0,0.0,0.0,0.0,0.0,0.0,0.0,0.0,0.0,0.0,0.0,0.0,0.0,0.0,0.0,0.0,0.0,0.0,0.0,0.0,0.0,0.0,0.0,0.0,0.0,0.0,0.0,0.0,0.0,0.0,0.0052872341313704,0.0052872341313704,0.0052872341313704,-4.983770821362647e-06,-4.983770821362647e-06,-4.983770821362647e-06,0.0052922179021918,0.0052922179021918,0.0052922179021918,0.0,0.0,0.0,8039090.667781376
2025-01-04,8008178.053910749,7969323.828943826,8141866.699430433,8008178.053910749,8008178.053910749,0.0,0.0,0.0,0.0,0.0,0.0,0.0,0.0,0.0,0.0,0.0,0.0,0.0,0.0,0.0,0.0,0.0,0.0,0.0,0.0,0.0,0.0,0.0,0.0,0.0,0.0,0.0,0.0,0.0,0.0,0.0,0.0,0.0,0.0064288623075241,0.0064288623075241,0.0064288623075241,0.000652798630741,0.000652798630741,0.000652798630741,0.005776063676783,0.005776063676783,0.005776063676783,0.0,0.0,0.0,8059661.527953478
2025-01-05,8019546.445031301,7986908.359865214,8166359.935656807,8019546.445031301,8019546.445031301,0.0,0.0,0.0,0.0,0.0,0.0,0.0,0.0,0.0,0.0,0.0,0.0,0.0,0.0,0.0,0.0,0.0,0.0,0.0,0.0,0.0,0.0,0.0,0.0,0.0,0.0,0.0,0.0,0.0,0.0,0.0,0.0,0.0,0.0075460076552753,0.0075460076552753,0.0075460076552753,0.0012943274964955,0.0012943274964955,0.0012943274964955,0.0062516801587798,0.0062516801587798,0.0062516801587798,0.0,0.0,0.0,8080062.003897344
2025-01-06,8030914.836151852,7920583.797369727,8094982.302239343,8030914.836151852,8030914.836151852,0.0,0.0,0.0,0.0,0.0,0.0,0.0,0.0,0.0,0.0,0.0,0.0,-0.0091424888,-0.0091424888,-0.0091424888,0.0,0.0,0.0,0.0,0.0,0.0,0.0,0.0,0.0,0.0,0.0,0.0,0.0,0.0,0.0,-0.0091424888,-0.0091424888,-0.0091424888,-0.00312225873922,-0.00312225873922,-0.00312225873922,-0.0006993391191692,-0.0006993391191692,-0.0006993391191692,0.0067195691799492,0.0067195691799492,0.0067195691799492,0.0,0.0,0.0,8005840.242120746
2025-01-07,8043347.444580235,8005282.503211153,8179556.754673465,8043347.444580235,8043347.444580235,0.0,0.0,0.0,0.0,0.0,0.0,0.0,0.0,0.0,0.0,0.0,0.0,0.0,0.0,0.0,0.0,0.0,0.0,0.0,0.0,0.0,0.0,0.0,0.0,0.0,0.0,0.0,0.0,0.0,0.0,0.0,0.0,0.0,0.0062477087353174,0.0062477087353174,0.0062477087353174,-0.0009328826298033,-0.0009328826298033,-0.0009328826298033,0.0071805913651208,0.0071805913651208,0.0071805913651208,0.0,0.0,0.0,8093599.936670932
2025-01-08,8055780.053008617,8024554.388835175,8204625.768156951,8055780.053008617,8055780.053008617,0.0,0.0,0.0,0.0,0.0,0.0,0.0,0.0,0.0,0.0,0.0,0.0,0.0,0.0,0.0,0.0,0.0,0.0,0.0,0.0,0.0,0.0,0.0,0.0,0.0,0.0,0.0,0.0,0.0,0.0,0.0,0.0,0.0,0.0073595493746714,0.0073595493746714,0.0073595493746714,-0.0002763532964436,-0.0002763532964436,-0.0002763532964436,0.0076359026711151,0.0076359026711151,0.0076359026711151,0.0,0.0,0.0,8115066.964060227
2025-01-09,8068212.661436998,8046539.087273139,8220594.108344405,8068212.661436998,8068212.661436998,0.0,0.0,0.0,0.0,0.0,0.0,0.0,0.0,0.0,0.0,0.0,0.0,0.0,0.0,0.0,0.0,0.0,0.0,0.0,0.0,0.0,0.0,0.0,0.0,0.0,0.0,0.0,0.0,0.0,0.0,0.0,0.0,0.0,0.0080533075320136,0.0080533075320136,0.0080533075320136,-3.356731099996722e-05,-3.356731099996722e-05,-3.356731099996722e-05,0.0080868748430136,0.0080868748430136,0.0080868748430136,0.0,0.0,0.0,8133188.459233237
2025-01-10,8080645.269865381,8061999.949525586,8237732.653482135,8080645.269865381,8080645.269865381,0.0,0.0,0.0,0.0,0.0,0.0,0.0,0.0,0.0,0.0,0.0,0.0,0.0,0.0,0.0,0.0,0.0,0.0,0.0,0.0,0.0,0.0,0.0,0.0,0.0,0.0,0.0,0.0,0.0,0.0,0.0,0.0,0.0,0.0085300188558911,0.0085300188558911,0.0085300188558911,-4.983770822154928e-06,-4.983770822154928e-06,-4.983770822154928e-06,0.0085350026267133,0.0085350026267133,0.0085350026267133,0.0,0.0,0.0,8149573.3263851
2025-01-11,8093077.878293763,8074834.14670619,8257630.401120079,8093077.878293763,8093077.878293763,0.0,0.0,0.0,0.0,0.0,0.0,0.0,0.0,0.0,0.0,0.0,0.0,0.0,0.0,0.0,0.0,0.0,0.0,0.0,0.0,0.0,0.0,0.0,0.0,0.0,0.0,0.0,0.0,0.0,0.0,0.0,0.0,0.0,0.0096345997130626,0.0096345997130626,0.0096345997130626,0.0006527986307425,0.0006527986307425,0.0006527986307425,0.00898180108232,0.00898180108232,0.00898180108232,0.0,0.0,0.0,8171051.444097766
2025-01-12,8105510.486722146,8105137.945219014,8285056.465172513,8105510.486722146,8105510.486722146,0.0,0.0,0.0,0.0,0.0,0.0,0.0,0.0,0.0,0.0,0.0,0.0,0.0,0.0,0.0,0.0,0.0,0.0,0.0,0.0,0.0,0.0,0.0,0.0,0.0,0.0,0.0,0.0,0.0,0.0,0.0,0.0,0.0,0.0107230242364396,0.0107230242364396,0.0107230242364396,0.0012943274964948,0.0012943274964948,0.0012943274964948,0.0094286967399447,0.0094286967399447,0.0094286967399447,0.0,0.0,0.0,8192426.072119983
2025-01-13,8117943.095150527,8098658.935495035,8286058.392056838,8117943.095150527,8117943.095150527,0.0,0.0,0.0,0.0,0.0,0.0,0.0,0.0,0.0,0.0,0.0,0.0,0.0,0.0,0.0,0.0,0.0,0.0,0.0,0.0,0.0,0.0,0.0,0.0,0.0,0.0,0.0,0.0,0.0,0.0,0.0,0.0,0.0,0.0091775774953284,0.0091775774953284,0.0091775774953284,-0.0006993391191708,-0.0006993391191708,-0.0006993391191708,0.0098769166144993,0.0098769166144993,0.0098769166144993,0.0,0.0,0.0,8192446.147008937
2025-01-14,8130375.70357891,8127643.386321997,8296663.228652955,8130375.70357891,8130375.70357891,0.0,0.0,0.0,0.0,0.0,0.0,0.0,0.0,0.0,0.0,0.0,0.0,0.0,0.0,0.0,0.0,0.0,0.0,0.0,0.0,0.0,0.0,0.0,0.0,0.0,0.0,0.0,0.0,0.0,0.0,0.0,0.0,0.0,0.0093944966096997,0.0093944966096997,0.0093944966096997,-0.000932882629802,-0.000932882629802,-0.000932882629802,0.0103273792395018,0.0103273792395018,0.0103273792395018,0.0,0.0,0.0,8206756.490561767
2025-01-15,8142808.312007292,8142958.648532457,8318046.943337614,8142808.312007292,8142808.312007292,0.0,0.0,0.0,0.0,0.0,0.0,0.0,0.0,0.0,0.0,0.0,0.0,0.0,0.0,0.0,0.0,0.0,0.0,0.0,0.0,0.0,0.0,0.0,0.0,0.0,0.0,0.0,0.0,0.0,0.0,0.0,0.0,0.0,0.0105042385898881,0.0105042385898881,0.0105042385898881,-0.0002763532964426,-0.0002763532964426,-0.0002763532964426,0.0107805918863308,0.0107805918863308,0.0107805918863308,0.0,0.0,0.0,8228342.313308341
2025-01-16,8155240.920435674,8157273.941868549,8338533.517935186,8155240.920435674,8155240.920435674,0.0,0.0,0.0,0.0,0.0,0.0,0.0,0.0,0.0,0.0,0.0,0.0,0.0,0.0,0.0,0.0,0.0,0.0,0.0,0.0,0.0,0.0,0.0,0.0,0.0,0.0,0.0,0.0,0.0,0.0,0.0,0.0,0.0,0.0112029906925598,0.0112029906925598,0.0112029906925598,-3.356731099890102e-05,-3.356731099890102e-05,-3.356731099890102e-05,0.0112365580035587,0.0112365580035587,0.0112365580035587,0.0,0.0,0.0,8246604.008562899
2025-01-17,8167673.528864056,8177196.862574548,8353677.410731205,8167673.528864056,8167673.528864056,0.0,0.0,0.0,0.0,0.0,0.0,0.0,0.0,0.0,0.0,0.0,0.0,0.0,0.0,0.0,0.0,0.0,0.0,0.0,0.0,0.0,0.0,0.0,0.0,0.0,0.0,0.0,0.0,0.0,0.0,0.0,0.0,0.0,0.0116897148734886,0.0116897148734886,0.0116897148734886,-4.9837708200262056e-06,-4.9837708200262056e-06,-4.9837708200262056e-06,0.0116946986443087,0.0116946986443087,0.0116946986443087,0.0,0.0,0.0,8263151.303596218
2025-01-18,8180106.137292438,8192188.264482033,8364361.284582418,8180106.137292438,8180106.137292438,0.0,0.0,0.0,0.0,0.0,0.0,0.0,0.0,0.0,0.0,0.0,0.0,0.0,0.0,0.0,0.0,0.0,0.0,0.0,0.0,0.0,0.0,0.0,0.0,0.0,0.0,0.0,0.0,0.0,0.0,0.0,0.0,0.0,0.0128065898861982,0.0128065898861982,0.0128065898861982,0.0006527986307413,0.0006527986307413,0.0006527986307413,0.0121537912554569,0.0121537912554569,0.0121537912554569,0.0,0.0,0.0,8284865.4018183155
2025-01-19,8192538.74572082,8222392.468530671,8395441.480886018,8192538.74572082,8192538.74572082,0.0,0.0,0.0,0.0,0.0,0.0,0.0,0.0,0.0,0.0,0.0,0.0,0.0,0.0,0.0,0.0,0.0,0.0,0.0,0.0,0.0,0.0,0.0,0.0,0.0,0.0,0.0,0.0,0.0,0.0,0.0,0.0,0.0,0.0139062561889802,0.0139062561889802,0.0139062561889802,0.0012943274964942,0.0012943274964942,0.0012943274964942,0.012611928692486,0.012611928692486,0.012611928692486,0.0,0.0,0.0,8306466.288356961
2025-01-20,8204971.354149203,8213035.408375564,8395083.830085995,8204971.354149203,8204971.354149203,0.0,0.0,0.0,0.0,0.0,0.0,0.0,0.0,0.0,0.0,0.0,0.0,0.0,0.0,0.0,0.0,0.0,0.0,0.0,0.0,0.0,0.0,0.0,0.0,0.0,0.0,0.0,0.0,0.0,0.0,0.0,0.0,0.0,0.0123671615940422,0.0123671615940422,0.0123671615940422,-0.0006993391191655,-0.0006993391191655,-0.0006993391191655,0.0130665007132077,0.0130665007132077,0.0130665007132077,0.0,0.0,0.0,8306443.560760453
2025-01-21,8217403.962577585,8224762.170423956,8409180.424062034,8217403.962577585,8217403.962577585,0.0,0.0,0.0,0.0,0.0,0.0,0.0,0.0,0.0,0.0,0.0,0.0,0.0,0.0,0.0,0.0,0.0,0.0,0.0,0.0,0.0,0.0,0.0,0.0,0.0,0.0,0.0,0.0,0.0,0.0,0.0,0.0,0.0,0.0125813168811578,0.0125813168811578,0.0125813168811578,-0.0009328826298008,-0.0009328826298008,-0.0009328826298008,0.0135141995109586,0.0135141995109586,0.0135141995109586,0.0,0.0,0.0,8320789.725771255
2025-01-22,8229836.5710059665,8261726.129827058,8438980.08010431,8229836.5710059665,8229836.5710059665,0.0,0.0,0.0,0.0,0.0,0.0,0.0,0.0,0.0,0.0,0.0,0.0,0.0,0.0,0.0,0.0,0.0,0.0,0.0,0.0,0.0,0.0,0.0,0.0,0.0,0.0,0.0,0.0,0.0,0.0,0.0,0.0,0.0,0.0136746967978845,0.0136746967978845,0.0136746967978845,-0.0002763532964433,-0.0002763532964433,-0.0002763532964433,0.0139510500943278,0.0139510500943278,0.0139510500943278,0.0,0.0,0.0,8342377.090810615
2025-01-23,8242269.179434349,8270616.595163838,8445391.537670668,8242269.179434349,8242269.179434349,0.0,0.0,0.0,0.0,0.0,0.0,0.0,0.0,0.0,0.0,0.0,0.0,0.0,0.0,0.0,0.0,0.0,0.0,0.0,0.0,0.0,0.0,0.0,0.0,0.0,0.0,0.0,0.0,0.0,0.0,0.0,0.0,0.0,0.0143388982183947,0.0143388982183947,0.0143388982183947,-3.356731099954299e-05,-3.356731099954299e-05,-3.356731099954299e-05,0.0143724655293943,0.0143724655293943,0.0143724655293943,0.0,0.0,0.0,8360454.23828687
2025-01-24,8254701.787862731,8287070.05750692,8471494.354117742,8254701.787862731,8254701.787862731,0.0,0.0,0.0,0.0,0.0,0.0,0.0,0.0,0.0,0.0,0.0,0.0,0.0,0.0,0.0,0.0,0.0,0.0,0.0,0.0,0.0,0.0,0.0,0.0,0.0,0.0,0.0,0.0,0.0,0.0,0.0,0.0,0.0,0.0147683424855062,0.0147683424855062,0.0147683424855062,-4.983770820818324e-06,-4.983770820818324e-06,-4.983770820818324e-06,0.014773326256327,0.014773326256327,0.014773326256327,0.0,0.0,0.0,8376610.050981609
2025-01-25,8267134.396291113,8308888.675560063,8487045.454436356,8267134.396291113,8267134.396291113,0.0,0.0,0.0,0.0,0.0,0.0,0.0,0.0,0.0,0.0,0.0,0.0,0.0,0.0,0.0,0.0,0.0,0.0,0.0,0.0,0.0,0.0,0.0,0.0,0.0,0.0,0.0,0.0,0.0,0.0,0.0,0.0,0.0,0.0158008805309787,0.0158008805309787,0.0158008805309787,0.0006527986307384,0.0006527986307384,0.0006527986307384,0.0151480819002403,0.0151480819002403,0.0151480819002403,0.0,0.0,0.0,8397762.399220455
2025-01-26,8279567.004719495,8329075.118786388,8503368.5629891,8279567.004719495,8279567.004719495,0.0,0.0,0.0,0.0,0.0,0.0,0.0,0.0,0.0,0.0,0.0,0.0,0.0,0.0,0.0,0.0,0.0,0.0,0.0,0.0,0.0,0.0,0.0,0.0,0.0,0.0,0.0,0.0,0.0,0.0,0.0,0.0,0.0,0.0167852007378107,0.0167852007378107,0.0167852007378107,0.0012943274964936,0.0012943274964936,0.0012943274964936,0.0154908732413171,0.0154908732413171,0.0154908732413171,0.0,0.0,0.0,8418541.198915867
2025-01-27,8291999.613147877,8338815.654311762,8509995.59752361,8291999.613147877,8291999.613147877,0.0,0.0,0.0,0.0,0.0,0.0,0.0,0.0,0.0,0.0,0.0,0.0,0.0,0.0,0.0,0.0,0.0,0.0,0.0,0.0,0.0,0.0,0.0,0.0,0.0,0.0,0.0,0.0,0.0,0.0,0.0,0.0,0.0,0.0150963321962741,0.0150963321962741,0.0150963321962741,-0.0006993391191671,-0.0006993391191671,-0.0006993391191671,0.0157956713154412,0.0157956713154412,0.0157956713154412,0.0,0.0,0.0,8417178.393879334
2025-01-28,8304432.2215762595,8345565.542279533,8516680.279518055,8304432.2215762595,8304432.2215762595,0.0,0.0,0.0,0.0,0.0,0.0,0.0,0.0,0.0,0.0,0.0,0.0,0.0,0.0,0.0,0.0,0.0,0.0,0.0,0.0,0.0,0.0,0.0,0.0,0.0,0.0,0.0,0.0,0.0,0.0,0.0,0.0,0.0,0.0151235473764065,0.0151235473764065,0.0151235473764065,-0.0009328826298019,-0.0009328826298019,-0.0009328826298019,0.0160564300062085,0.0160564300062085,0.0160564300062085,0.0,0.0,0.0,8430024.695713425
2025-01-29,8316864.830004642,8356373.530326351,8539473.650988078,8316864.830004642,8316864.830004642,0.0,0.0,0.0,0.0,0.0,0.0,0.0,0.0,0.0,0.0,0.0,0.0,0.0,0.0,0.0,0.0,0.0,0.0,0.0,0.0,0.0,0.0,0.0,0.0,0.0,0.0,0.0,0.0,0.0,0.0,0.0,0.0,0.0,0.015990894685539,0.015990894685539,0.015990894685539,-0.0002763532964407,-0.0002763532964407,-0.0002763532964407,0.0162672479819797,0.0162672479819797,0.0162672479819797,0.0,0.0,0.0,8449858.939615108
2025-01-30,8329297.438433023,8377935.027412627,8557814.735146139,8329297.438433023,8329297.438433023,0.0,0.0,0.0,0.0,0.0,0.0,0.0,0.0,0.0,0.0,0.0,0.0,0.0,0.0,0.0,0.0,0.0,0.0,0.0,0.0,0.0,0.0,0.0,0.0,0.0,0.0,0.0,0.0,0.0,0.0,0.0,0.0,0.0,0.0163889681336312,0.0163889681336312,0.0163889681336312,-3.356731100018497e-05,-3.356731100018497e-05,-3.356731100018497e-05,0.0164225354446313,0.0164225354446313,0.0164225354446313,0.0,0.0,0.0,8465806.028727038
2025-01-31,8341730.046861405,8388167.236712089,8563769.602985494,8341730.046861405,8341730.046861405,0.0,0.0,0.0,0.0,0.0,0.0,0.0,0.0,0.0,0.0,0.0,0.0,0.0,0.0,0.0,0.0,0.0,0.0,0.0,0.0,0.0,0.0,0.0,0.0,0.0,0.0,0.0,0.0,0.0,0.0,0.0,0.0,0.0,0.0165121971320124,0.0165121971320124,0.0165121971320124,-4.983770821999535e-06,-4.983770821999535e-06,-4.983770821999535e-06,0.0165171809028344,0.0165171809028344,0.0165171809028344,0.0,0.0,0.0,8479470.337817213
2025-02-01,8354162.655289788,8414242.11713553,8584408.188544277,8354162.655289788,8354162.655289788,0.0,0.0,0.0,0.0,0.0,0.0,0.0,0.0,0.0,0.0,0.0,0.0,0.0,0.0,0.0,0.0,0.0,0.0,0.0,0.0,0.0,0.0,0.0,0.0,0.0,0.0,0.0,0.0,0.0,0.0,0.0,0.0,0.0,0.0171995117023598,0.0171995117023598,0.0171995117023598,0.000652798630739,0.000652798630739,0.000652798630739,0.0165467130716207,0.0165467130716207,0.0165467130716207,0.0,0.0,0.0,8497850.17364286
2025-02-02,8366595.263718171,8425138.62294393,8608554.017551465,8366595.263718171,8366595.263718171,0.0,0.0,0.0,0.0,0.0,0.0,0.0,0.0,0.0,0.0,0.0,0.0,0.0,0.0,0.0,0.0,0.0,0.0,0.0,0.0,0.0,0.0,0.0,0.0,0.0,0.0,0.0,0.0,0.0,0.0,0.0,0.0,0.0,0.0178017805329228,0.0178017805329228,0.0178017805329228,0.0012943274964928,0.0012943274964928,0.0012943274964928,0.0165074530364299,0.0165074530364299,0.0165074530364299,0.0,0.0,0.0,8515535.556410674
2025-02-03,8379027.872146553,8418772.04121205,8596175.12177253,8379027.872146553,8379027.872146553,0.0,0.0,0.0,0.0,0.0,0.0,0.0,0.0,0.0,0.0,0.0,0.0,0.0,0.0,0.0,0.0,0.0,0.0,0.0,0.0,0.0,0.0,0.0,0.0,0.0,0.0,0.0,0.0,0.0,0.0,0.0,0.0,0.0,0.0156973128851746,0.0156973128851746,0.0156973128851746,-0.0006993391191681,-0.0006993391191681,-0.0006993391191681,0.0163966520043428,0.0163966520043428,0.0163966520043428,0.0,0.0,0.0,8510556.094329238
2025-02-04,8391460.480574934,8433590.743739527,8613868.507605093,8391460.480574934,8391460.480574934,0.0,0.0,0.0,0.0,0.0,0.0,0.0,0.0,0.0,0.0,0.0,0.0,0.0,0.0,0.0,0.0,0.0,0.0,0.0,0.0,0.0,0.0,0.0,0.0,0.0,0.0,0.0,0.0,0.0,0.0,0.0,0.0,0.0,0.0152797276640074,0.0152797276640074,0.0152797276640074,-0.0009328826298025,-0.0009328826298025,-0.0009328826298025,0.0162126102938099,0.0162126102938099,0.0162126102938099,0.0,0.0,0.0,8519679.7114214
2025-02-05,8403893.089003317,8446452.061578924,8619979.502098676,8403893.089003317,8403893.089003317,0.0,0.0,0.0,0.0,0.0,0.0,0.0,0.0,0.0,0.0,0.0,0.0,0.0,0.0,0.0,0.0,0.0,0.0,0.0,0.0,0.0,0.0,0.0,0.0,0.0,0.0,0.0,0.0,0.0,0.0,0.0,0.0,0.0,0.0156784203818774,0.0156784203818774,0.0156784203818774,-0.0002763532964447,-0.0002763532964447,-0.0002763532964447,0.0159547736783221,0.0159547736783221,0.0159547736783221,0.0,0.0,0.0,8535652.857697066
2025-02-06,8416325.697431698,8453732.372837136,8638500.636783358,8416325.697431698,8416325.697431698,0.0,0.0,0.0,0.0,0.0,0.0,0.0,0.0,0.0,0.0,0.0,0.0,0.0,0.0,0.0,0.0,0.0,0.0,0.0,0.0,0.0,0.0,0.0,0.0,0.0,0.0,0.0,0.0,0.0,0.0,0.0,0.0,0.0,0.0155902364756311,0.0155902364756311,0.0155902364756311,-3.356731100082694e-05,-3.356731100082694e-05,-3.356731100082694e-05,0.0156238037866319,0.0156238037866319,0.0156238037866319,0.0,0.0,0.0,8547538.205310589
2025-02-07,8428758.305860082,8464798.828076182,8642806.300693493,8428758.305860082,8428758.305860082,0.0,0.0,0.0,0.0,0.0,0.0,0.0,0.0,0.0,0.0,0.0,0.0,0.0,0.0,0.0,0.0,0.0,0.0,0.0,0.0,0.0,0.0,0.0,0.0,0.0,0.0,0.0,0.0,0.0,0.0,0.0,0.0,0.0,0.0152166361848747,0.0152166361848747,0.0152166361848747,-4.983770822791761e-06,-4.983770822791761e-06,-4.983770822791761e-06,0.0152216199556975,0.0152216199556975,0.0152216199556975,0.0,0.0,0.0,8557015.654490596
2025-02-08,8441190.914288463,8485341.895433567,8662492.987261588,8441190.914288463,8441190.914288463,0.0,0.0,0.0,0.0,0.0,0.0,0.0,0.0,0.0,0.0,0.0,0.0,0.0,0.0,0.0,0.0,0.0,0.0,0.0,0.0,0.0,0.0,0.0,0.0,0.0,0.0,0.0,0.0,0.0,0.0,0.0,0.0,0.0,0.0154042093435281,0.0154042093435281,0.0154042093435281,0.0006527986307405,0.0006527986307405,0.0006527986307405,0.0147514107127876,0.0147514107127876,0.0147514107127876,0.0,0.0,0.0,8571220.786240852
2025-02-09,8453623.522716844,8494765.896164516,8674889.127296003,8453623.522716844,8453623.522716844,0.0,0.0,0.0,0.0,0.0,0.0,0.0,0.0,0.0,0.0,0.0,0.0,0.0,0.0,0.0,0.0,0.0,0.0,0.0,0.0,0.0,0.0,0.0,0.0,0.0,0.0,0.0,0.0,0.0,0.0,0.0,0.0,0.0,0.0155119414039073,0.0155119414039073,0.0155119414039073,0.0012943274964924,0.0012943274964924,0.0012943274964924,0.0142176139074148,0.0142176139074148,0.0142176139074148,0.0,0.0,0.0,8584755.63545192
2025-02-10,8466056.131145228,8484835.741312392,8662630.831053743,8466056.131145228,8466056.131145228,0.0,0.0,0.0,0.0,0.0,0.0,0.0,0.0,0.0,0.0,0.0,0.0,0.0,0.0,0.0,0.0,0.0,0.0,0.0,0.0,0.0,0.0,0.0,0.0,0.0,0.0,0.0,0.0,0.0,0.0,0.0,0.0,0.0,0.0129265262782224,0.0129265262782224,0.0129265262782224,-0.0006993391191691,-0.0006993391191691,-0.0006993391191691,0.0136258653973916,0.0136258653973916,0.0136258653973916,0.0,0.0,0.0,8575492.828197384
2025-02-11,8478488.73957361,8490109.57998501,8663940.88771909,8478488.73957361,8478488.73957361,0.0,0.0,0.0,0.0,0.0,0.0,0.0,0.0,0.0,0.0,0.0,0.0,0.0,0.0,0.0,0.0,0.0,0.0,0.0,0.0,0.0,0.0,0.0,0.0,0.0,0.0,0.0,0.0,0.0,0.0,0.0,0.0,0.0,0.0120500344602293,0.0120500344602293,0.0120500344602293,-0.0009328826298036,-0.0009328826298036,-0.0009328826298036,0.012982917090033,0.012982917090033,0.012982917090033,0.0,0.0,0.0,8580654.821056137
2025-02-12,8490921.34800199,8509033.68879448,8681319.33358385,8490921.34800199,8490921.34800199,0.0,0.0,0.0,0.0,0.0,0.0,0.0,0.0,0.0,0.0,0.0,0.0,0.0,0.0,0.0,0.0,0.0,0.0,0.0,0.0,0.0,0.0,0.0,0.0,0.0,0.0,0.0,0.0,0.0,0.0,0.0,0.0,0.0,0.0120201727264789,0.0120201727264789,0.0120201727264789,-0.0002763532964437,-0.0002763532964437,-0.0002763532964437,0.0122965260229227,0.0122965260229227,0.0122965260229227,0.0,0.0,0.0,8592983.689211922
2025-02-13,8503353.956430374,8510536.137877356,8693093.509293813,8503353.956430374,8503353.956430374,0.0,0.0,0.0,0.0,0.0,0.0,0.0,0.0,0.0,0.0,0.0,0.0,0.0,0.0,0.0,0.0,0.0,0.0,0.0,0.0,0.0,0.0,0.0,0.0,0.0,0.0,0.0,0.0,0.0,0.0,0.0,0.0,0.0,0.0115417497010492,0.0115417497010492,0.0115417497010492,-3.356731099976074e-05,-3.356731099976074e-05,-3.356731099976074e-05,0.011575317012049,0.011575317012049,0.011575317012049,0.0,0.0,0.0,8601497.53941492
2025-02-14,8515786.564858757,8515729.534905383,8687023.85985868,8515786.564858757,8515786.564858757,0.0,0.0,0.0,0.0,0.0,0.0,0.0,0.0,0.0,0.0,0.0,0.0,0.0,0.0,0.0,0.0,0.0,0.0,0.0,0.0,0.0,0.0,0.0,0.0,0.0,0.0,0.0,0.0,0.0,0.0,0.0,0.0,0.0,0.0108236384022775,0.0108236384022775,0.0108236384022775,-4.983770822123378e-06,-4.983770822123378e-06,-4.983770822123378e-06,0.0108286221730996,0.0108286221730996,0.0108286221730996,0.0,0.0,0.0,8607958.35934776
2025-02-15,8528219.173287138,8534991.623707615,8713588.018106028,8528219.173287138,8528219.173287138,0.0,0.0,0.0,0.0,0.0,0.0,0.0,0.0,0.0,0.0,0.0,0.0,0.0,0.0,0.0,0.0,0.0,0.0,0.0,0.0,0.0,0.0,0.0,0.0,0.0,0.0,0.0,0.0,0.0,0.0,0.0,0.0,0.0,0.0107190999414376,0.0107190999414376,0.0107190999414376,0.000652798630742,0.000652798630742,0.000652798630742,0.0100663013106955,0.0100663013106955,0.0100663013106955,0.0,0.0,0.0,8619634.006928086
2025-02-16,8540651.78171552,8545388.795774234,8716703.742920017,8540651.78171552,8540651.78171552,0.0,0.0,0.0,0.0,0.0,0.0,0.0,0.0,0.0,0.0,0.0,0.0,0.0,0.0,0.0,0.0,0.0,0.0,0.0,0.0,0.0,0.0,0.0,0.0,0.0,0.0,0.0,0.0,0.0,0.0,0.0,0.0,0.0,0.0105928752455205,0.0105928752455205,0.0105928752455205,0.0012943274964952,0.0012943274964952,0.0012943274964952,0.0092985477490253,0.0092985477490253,0.0092985477490253,0.0,0.0,0.0,8631121.840554666
2025-02-17,8553084.390143903,8530533.33442232,8711008.789975746,8553084.390143903,8553084.390143903,0.0,0.0,0.0,0.0,0.0,0.0,0.0,0.0,0.0,0.0,0.0,0.0,0.0,0.0,0.0,0.0,0.0,0.0,0.0,0.0,0.0,0.0,0.0,0.0,0.0,0.0,0.0,0.0,0.0,0.0,0.0,0.0,0.0,0.0078363455086408,0.0078363455086408,0.0078363455086408,-0.0006993391191702,-0.0006993391191702,-0.0006993391191702,0.008535684627811,0.008535684627811,0.008535684627811,0.0,0.0,0.0,8620109.314589633
2025-02-18,8565516.998572284,8532823.89901662,8711512.061376464,8565516.998572284,8565516.998572284,0.0,0.0,0.0,0.0,0.0,0.0,0.0,0.0,0.0,0.0,0.0,0.0,0.0,0.0,0.0,0.0,0.0,0.0,0.0,0.0,0.0,0.0,0.0,0.0,0.0,0.0,0.0,0.0,0.0,0.0,0.0,0.0,0.0,0.0068550743656037,0.0068550743656037,0.0068550743656037,-0.0009328826298024,-0.0009328826298024,-0.0009328826298024,0.0077879569954061,0.0077879569954061,0.0077879569954061,0.0,0.0,0.0,8624234.25457734
2025-02-19,8577949.607000668,8538317.054284489,8720550.83426561,8577949.607000668,8577949.607000668,0.0,0.0,0.0,0.0,0.0,0.0,0.0,0.0,0.0,0.0,0.0,0.0,0.0,0.0,0.0,0.0,0.0,0.0,0.0,0.0,0.0,0.0,0.0,0.0,0.0,0.0,0.0,0.0,0.0,0.0,0.0,0.0,0.0,0.0067889718896465,0.0067889718896465,0.0067889718896465,-0.0002763532964443,-0.0002763532964443,-0.0002763532964443,0.0070653251860909,0.0070653251860909,0.0070653251860909,0.0,0.0,0.0,8636185.0657534
2025-02-20,8590382.215429049,8560772.865718007,8735860.873352585,8590382.215429049,8590382.215429049,0.0,0.0,0.0,0.0,0.0,0.0,0.0,0.0,0.0,0.0,0.0,0.0,0.0,0.0,0.0,0.0,0.0,0.0,0.0,0.0,0.0,0.0,0.0,0.0,0.0,0.0,0.0,0.0,0.0,0.0,0.0,0.0,0.0,0.0063436976545306,0.0063436976545306,0.0063436976545306,-3.356731100211088e-05,-3.356731100211088e-05,-3.356731100211088e-05,0.0063772649655327,0.0063772649655327,0.0063772649655327,0.0,0.0,0.0,8644877.002940588
2025-02-21,8602814.82385743,8566454.188350875,8739802.355636114,8602814.82385743,8602814.82385743,0.0,0.0,0.0,0.0,0.0,0.0,0.0,0.0,0.0,0.0,0.0,0.0,0.0,0.0,0.0,0.0,0.0,0.0,0.0,0.0,0.0,0.0,0.0,0.0,0.0,0.0,0.0,0.0,0.0,0.0,0.0,0.0,0.0,0.0057275959951868,0.0057275959951868,0.0057275959951868,-4.983770821844358e-06,-4.983770821844358e-06,-4.983770821844358e-06,0.0057325797660086,0.0057325797660086,0.0057325797660086,0.0,0.0,0.0,8652088.27158989
2025-02-22,8615247.432285814,8579122.364708422,8756983.89501342,8615247.432285814,8615247.432285814,0.0,0.0,0.0,0.0,0.0,0.0,0.0,0.0,0.0,0.0,0.0,0.0,0.0,0.0,0.0,0.0,0.0,0.0,0.0,0.0,0.0,0.0,0.0,0.0,0.0,0.0,0.0,0.0,0.0,0.0,0.0,0.0,0.0,0.0057920286459087,0.0057920286459087,0.0057920286459087,0.0006527986307417,0.0006527986307417,0.0006527986307417,0.005139230015167,0.005139230015167,0.005139230015167,0.0,0.0,0.0,8665147.192205206
2025-02-23,8627680.040714195,8593102.185044618,8762976.278600316,8627680.040714195,8627680.040714195,0.0,0.0,0.0,0.0,0.0,0.0,0.0,0.0,0.0,0.0,0.0,0.0,0.0,0.0,0.0,0.0,0.0,0.0,0.0,0.0,0.0,0.0,0.0,0.0,0.0,0.0,0.0,0.0,0.0,0.0,0.0,0.0,0.0,0.0058985115938436,0.0058985115938436,0.0058985115938436,0.0012943274964946,0.0012943274964946,0.0012943274964946,0.004604184097349,0.004604184097349,0.004604184097349,0.0,0.0,0.0,8678570.511462322
2025-02-24,8640112.649142578,8580675.089041479,8753164.31184504,8640112.649142578,8640112.649142578,0.0,0.0,0.0,0.0,0.0,0.0,0.0,0.0,0.0,0.0,0.0,0.0,0.0,0.0,0.0,0.0,0.0,0.0,0.0,0.0,0.0,0.0,0.0,0.0,0.0,0.0,0.0,0.0,0.0,0.0,0.0,0.0,0.0,0.0034339557682407,0.0034339557682407,0.0034339557682407,-0.0006993391191718,-0.0006993391191718,-0.0006993391191718,0.0041332948874125,0.0041332948874125,0.0041332948874125,0.0,0.0,0.0,8669782.413812352
2025-02-25,8652545.25757096,8590430.301272232,8766500.072939381,8652545.25757096,8652545.25757096,0.0,0.0,0.0,0.0,0.0,0.0,0.0,0.0,0.0,0.0,0.0,0.0,0.0,0.0,0.0,0.0,0.0,0.0,0.0,0.0,0.0,0.0,0.0,0.0,0.0,0.0,0.0,0.0,0.0,0.0,0.0,0.0,0.0,0.0027983224511537,0.0027983224511537,0.0027983224511537,-0.0009328826298023,-0.0009328826298023,-0.0009328826298023,0.003731205080956,0.003731205080956,0.003731205080956,0.0,0.0,0.0,8676757.869224843
2025-02-26,8664977.865999341,8603143.03587199,8775182.402724681,8664977.865999341,8664977.865999341,0.0,0.0,0.0,0.0,0.0,0.0,0.0,0.0,0.0,0.0,0.0,0.0,0.0,0.0,0.0,0.0,0.0,0.0,0.0,0.0,0.0,0.0,0.0,0.0,0.0,0.0,0.0,0.0,0.0,0.0,0.0,0.0,0.0,0.0031249304355102,0.0031249304355102,0.0031249304355102,-0.000276353296445,-0.000276353296445,-0.000276353296445,0.0034012837319552,0.0034012837319552,0.0034012837319552,0.0,0.0,0.0,8692055.319055825
2025-02-27,8677410.474427724,8616851.149638228,8796664.854095219,8677410.474427724,8677410.474427724,0.0,0.0,0.0,0.0,0.0,0.0,0.0,0.0,0.0,0.0,0.0,0.0,0.0,0.0,0.0,0.0,0.0,0.0,0.0,0.0,0.0,0.0,0.0,0.0,0.0,0.0,0.0,0.0,0.0,0.0,0.0,0.0,0.0,0.0031120282119103,0.0031120282119103,0.0031120282119103,-3.356731099965062e-05,-3.356731099965062e-05,-3.356731099965062e-05,0.0031455955229099,0.0031455955229099,0.0031455955229099,0.0,0.0,0.0,8704414.82063047
2025-02-28,8689843.082856106,8632605.987418918,8807955.358292934,8689843.082856106,8689843.082856106,0.0,0.0,0.0,0.0,0.0,0.0,0.0,0.0,0.0,0.0,0.0,0.0,0.0,0.0,0.0,0.0,0.0,0.0,0.0,0.0,0.0,0.0,0.0,0.0,0.0,0.0,0.0,0.0,0.0,0.0,0.0,0.0,0.0,0.0029599195884213,0.0029599195884213,0.0029599195884213,-4.983770821176083e-06,-4.983770821176083e-06,-4.983770821176083e-06,0.0029649033592425,0.0029649033592425,0.0029649033592425,0.0,0.0,0.0,8715564.319617359
2025-03-01,8702275.691284487,8643458.302659119,8825436.149045713,8702275.691284487,8702275.691284487,0.0,0.0,0.0,0.0,0.0,0.0,0.0,0.0,0.0,0.0,0.0,0.0,0.0,0.0,0.0,0.0,0.0,0.0,0.0,0.0,0.0,0.0,0.0,0.0,0.0,0.0,0.0,0.0,0.0,0.0,0.0,0.0,0.0,0.0035115025571821,0.0035115025571821,0.0035115025571821,0.0006527986307432,0.0006527986307432,0.0006527986307432,0.0028587039264389,0.0028587039264389,0.0028587039264389,0.0,0.0,0.0,8732833.754627736
2025-03-02,8714708.29971287,8663204.141757073,8844485.862139883,8714708.29971287,8714708.29971287,0.0,0.0,0.0,0.0,0.0,0.0,0.0,0.0,0.0,0.0,0.0,0.0,0.0,0.0,0.0,0.0,0.0,0.0,0.0,0.0,0.0,0.0,0.0,0.0,0.0,0.0,0.0,0.0,0.0,0.0,0.0,0.0,0.0,0.0041196223997155,0.0041196223997155,0.0041196223997155,0.0012943274964938,0.0012943274964938,0.0012943274964938,0.0028252949032216,0.0028252949032216,0.0028252949032216,0.0,0.0,0.0,8750609.607231354
2025-03-03,8727140.908141252,8659022.284188999,8833663.09193265,8727140.908141252,8727140.908141252,0.0,0.0,0.0,0.0,0.0,0.0,0.0,0.0,0.0,0.0,0.0,0.0,0.0,0.0,0.0,0.0,0.0,0.0,0.0,0.0,0.0,0.0,0.0,0.0,0.0,0.0,0.0,0.0,0.0,0.0,0.0,0.0,0.0,0.0021625324957725,0.0021625324957725,0.0021625324957725,-0.0006993391191658,-0.0006993391191658,-0.0006993391191658,0.0028618716149384,0.0028618716149384,0.0028618716149384,0.0,0.0,0.0,8746013.633950293
2025-03-04,8739573.516569635,8669423.34599759,8844733.188410172,8739573.516569635,8739573.516569635,0.0,0.0,0.0,0.0,0.0,0.0,0.0,0.0,0.0,0.0,0.0,0.0,0.0,0.0,0.0,0.0,0.0,0.0,0.0,0.0,0.0,0.0,0.0,0.0,0.0,0.0,0.0,0.0,0.0,0.0,0.0,0.0,0.0,0.0020317674356179,0.0020317674356179,0.0020317674356179,-0.0009328826298041,-0.0009328826298041,-0.0009328826298041,0.002964650065422,0.002964650065422,0.002964650065422,0.0,0.0,0.0,8757330.297441792
2025-03-05,8752006.124998018,8688736.934218613,8864575.98477028,8752006.124998018,8752006.124998018,0.0,0.0,0.0,0.0,0.0,0.0,0.0,0.0,0.0,0.0,0.0,0.0,0.0,0.0,0.0,0.0,0.0,0.0,0.0,0.0,0.0,0.0,0.0,0.0,0.0,0.0,0.0,0.0,0.0,0.0,0.0,0.0,0.0,0.0028526592316011,0.0028526592316011,0.0028526592316011,-0.0002763532964424,-0.0002763532964424,-0.0002763532964424,0.0031290125280435,0.0031290125280435,0.0031290125280435,0.0,0.0,0.0,8776972.616065525
2025-03-06,8764438.733426398,8704065.543392593,8884406.774811016,8764438.733426398,8764438.733426398,0.0,0.0,0.0,0.0,0.0,0.0,0.0,0.0,0.0,0.0,0.0,0.0,0.0,0.0,0.0,0.0,0.0,0.0,0.0,0.0,0.0,0.0,0.0,0.0,0.0,0.0,0.0,0.0,0.0,0.0,0.0,0.0,0.0,0.0033161039194557,0.0033161039194557,0.0033161039194557,-3.3567311000292595e-05,-3.3567311000292595e-05,-3.3567311000292595e-05,0.003349671230456,0.003349671230456,0.003349671230456,0.0,0.0,0.0,8793502.523062143
2025-03-07,8776871.34185478,8720036.834219852,8893745.560354222,8776871.34185478,8776871.34185478,0.0,0.0,0.0,0.0,0.0,0.0,0.0,0.0,0.0,0.0,0.0,0.0,0.0,0.0,0.0,0.0,0.0,0.0,0.0,0.0,0.0,0.0,0.0,0.0,0.0,0.0,0.0,0.0,0.0,0.0,0.0,0.0,0.0,0.0036158613812625,0.0036158613812625,0.0036158613812625,-4.983770821968066e-06,-4.983770821968066e-06,-4.983770821968066e-06,0.0036208451520844,0.0036208451520844,0.0036208451520844,0.0,0.0,0.0,8808607.291988103
2025-03-08,8789303.950283164,8744336.337738538,8919377.75532788,8789303.950283164,8789303.950283164,0.0,0.0,0.0,0.0,0.0,0.0,0.0,0.0,0.0,0.0,0.0,0.0,0.0,0.0,0.0,0.0,0.0,0.0,0.0,0.0,0.0,0.0,0.0,0.0,0.0,0.0,0.0,0.0,0.0,0.0,0.0,0.0,0.0,0.0045892432154353,0.0045892432154353,0.0045892432154353,0.0006527986307438,0.0006527986307438,0.0006527986307438,0.0039364445846915,0.0039364445846915,0.0039364445846915,0.0,0.0,0.0,8829640.2038054
2025-03-09,8801736.558711546,8767099.079432119,8940190.637897264,8801736.558711546,8801736.558711546,0.0,0.0,0.0,0.0,0.0,0.0,0.0,0.0,0.0,0.0,0.0,0.0,0.0,0.0,0.0,0.0,0.0,0.0,0.0,0.0,0.0,0.0,0.0,0.0,0.0,0.0,0.0,0.0,0.0,0.0,0.0,0.0,0.0,0.0055845853921868,0.0055845853921868,0.0055845853921868,0.0012943274964929,0.0012943274964929,0.0012943274964929,0.0042902578956938,0.0042902578956938,0.0042902578956938,0.0,0.0,0.0,8850890.608123202
2025-03-10,8814169.167139927,8761857.945734046,8942065.632684512,8814169.167139927,8814169.167139927,0.0,0.0,0.0,0.0,0.0,0.0,0.0,0.0,0.0,0.0,0.0,0.0,0.0,0.0,0.0,0.0,0.0,0.0,0.0,0.0,0.0,0.0,0.0,0.0,0.0,0.0,0.0,0.0,0.0,0.0,0.0,0.0,0.0,0.0039767957692051,0.0039767957692051,0.0039767957692051,-0.0006993391191674,-0.0006993391191674,-0.0006993391191674,0.0046761348883726,0.0046761348883726,0.0046761348883726,0.0,0.0,0.0,8849221.317792868
2025-03-11,8826601.77556831,8778212.101113424,8951296.526002437,8826601.77556831,8826601.77556831,0.0,0.0,0.0,0.0,0.0,0.0,0.0,0.0,0.0,0.0,0.0,0.0,0.0,0.0,0.0,0.0,0.0,0.0,0.0,0.0,0.0,0.0,0.0,0.0,0.0,0.0,0.0,0.0,0.0,0.0,0.0,0.0,0.0,0.0041552786446817,0.0041552786446817,0.0041552786446817,-0.000932882629804,-0.000932882629804,-0.000932882629804,0.0050881612744858,0.0050881612744858,0.0050881612744858,0.0,0.0,0.0,8863278.76543144
2025-03-12,8839034.383996692,8794651.80407194,8976202.87827416,8839034.383996692,8839034.383996692,0.0,0.0,0.0,0.0,0.0,0.0,0.0,0.0,0.0,0.0,0.0,0.0,0.0,0.0,0.0,0.0,0.0,0.0,0.0,0.0,0.0,0.0,0.0,0.0,0.0,0.0,0.0,0.0,0.0,0.0,0.0,0.0,0.0,0.005244465763811,0.005244465763811,0.005244465763811,-0.000276353296443,-0.000276353296443,-0.000276353296443,0.0055208190602541,0.0055208190602541,0.0055208190602541,0.0,0.0,0.0,8885390.397208711
2025-03-13,8851466.992425075,8818723.739819242,8989810.303476509,8851466.992425075,8851466.992425075,0.0,0.0,0.0,0.0,0.0,0.0,0.0,0.0,0.0,0.0,0.0,0.0,0.0,0.0,0.0,0.0,0.0,0.0,0.0,0.0,0.0,0.0,0.0,0.0,0.0,0.0,0.0,0.0,0.0,0.0,0.0,0.0,0.0,0.0059355607772999,0.0059355607772999,0.0059355607772999,-3.35673109992264e-05,-3.35673109992264e-05,-3.35673109992264e-05,0.0059691280882991,0.0059691280882991,0.0059691280882991,0.0,0.0,0.0,8904005.41272688
2025-03-14,8863899.600853456,8832341.681075832,9009306.479602464,8863899.600853456,8863899.600853456,0.0,0.0,0.0,0.0,0.0,0.0,0.0,0.0,0.0,0.0,0.0,0.0,0.0,0.0,0.0,0.0,0.0,0.0,0.0,0.0,0.0,0.0,0.0,0.0,0.0,0.0,0.0,0.0,0.0,0.0,0.0,0.0,0.0,0.0064237807924562,0.0064237807924562,0.0064237807924562,-4.983770821299872e-06,-4.983770821299872e-06,-4.983770821299872e-06,0.0064287645632775,0.0064287645632775,0.0064287645632775,0.0,0.0,0.0,8920839.34885568
2025-03-15,8876332.209281838,8855675.683005575,9029149.495990591,8876332.209281838,8876332.209281838,0.0,0.0,0.0,0.0,0.0,0.0,0.0,0.0,0.0,0.0,0.0,0.0,0.0,0.0,0.0,0.0,0.0,0.0,0.0,0.0,0.0,0.0,0.0,0.0,0.0,0.0,0.0,0.0,0.0,0.0,0.0,0.0,0.0,0.0075489517316225,0.0075489517316225,0.0075489517316225,0.00065279863074,0.00065279863074,0.00065279863074,0.0068961531008825,0.0068961531008825,0.0068961531008825,0.0,0.0,0.0,8943339.212683553
2025-03-16,8888764.81771022,8875753.159460442,9056995.022072157,8888764.81771022,8888764.81771022,0.0,0.0,0.0,0.0,0.0,0.0,0.0,0.0,0.0,0.0,0.0,0.0,0.0,0.0,0.0,0.0,0.0,0.0,0.0,0.0,0.0,0.0,0.0,0.0,0.0,0.0,0.0,0.0,0.0,0.0,0.0,0.0,0.0,0.0086628571542253,0.0086628571542253,0.0086628571542253,0.0012943274964925,0.0012943274964925,0.0012943274964925,0.0073685296577327,0.0073685296577327,0.0073685296577327,0.0,0.0,0.0,8965766.917603549
2025-03-17,8901197.426138602,8878153.415794851,9047515.717485735,8901197.426138602,8901197.426138602,0.0,0.0,0.0,0.0,0.0,0.0,0.0,0.0,0.0,0.0,0.0,0.0,0.0,0.0,0.0,0.0,0.0,0.0,0.0,0.0,0.0,0.0,0.0,0.0,0.0,0.0,0.0,0.0,0.0,0.0,0.0,0.0,0.0,0.0071446344803718,0.0071446344803718,0.0071446344803718,-0.0006993391191679,-0.0006993391191679,-0.0006993391191679,0.0078439735995397,0.0078439735995397,0.0078439735995397,0.0,0.0,0.0,8964793.228185989
2025-03-18,8913630.034566984,8886418.742962707,9070478.680581758,8913630.034566984,8913630.034566984,0.0,0.0,0.0,0.0,0.0,0.0,0.0,0.0,0.0,0.0,0.0,0.0,0.0,0.0,0.0,0.0,0.0,0.0,0.0,0.0,0.0,0.0,0.0,0.0,0.0,0.0,0.0,0.0,0.0,0.0,0.0,0.0,0.0,0.0073885254903578,0.0073885254903578,0.0073885254903578,-0.0009328826298028,-0.0009328826298028,-0.0009328826298028,0.0083214081201606,0.0083214081201606,0.0083214081201606,0.0,0.0,0.0,8979488.617289001
2025-03-19,8926062.642995365,8906675.584560582,9084872.601997178,8926062.642995365,8926062.642995365,0.0,0.0,0.0,0.0,0.0,0.0,0.0,0.0,0.0,0.0,0.0,0.0,0.0,0.0,0.0,0.0,0.0,0.0,0.0,0.0,0.0,0.0,0.0,0.0,0.0,0.0,0.0,0.0,0.0,0.0,0.0,0.0,0.0,0.0085242159100392,0.0085242159100392,0.0085242159100392,-0.000276353296442,-0.000276353296442,-0.000276353296442,0.0088005692064813,0.0088005692064813,0.0088005692064813,0.0,0.0,0.0,9002150.328190792
2025-03-20,8938495.251423748,8933078.460735574,9110447.56182536,8938495.251423748,8938495.251423748,0.0,0.0,0.0,0.0,0.0,0.0,0.0,0.0,0.0,0.0,0.0,0.0,0.0,0.0,0.0,0.0,0.0,0.0,0.0,0.0,0.0,0.0,0.0,0.0,0.0,0.0,0.0,0.0,0.0,0.0,0.0,0.0,0.0,0.0092483770132327,0.0092483770132327,0.0092483770132327,-3.3567311000182474e-05,-3.3567311000182474e-05,-3.3567311000182474e-05,0.0092819443242329,0.0092819443242329,0.0092819443242329,0.0,0.0,0.0,9021161.825439906
2025-03-21,8950927.85985213,8950343.529866843,9125932.923841463,8950927.85985213,8950927.85985213,0.0,0.0,0.0,0.0,0.0,0.0,0.0,0.0,0.0,0.0,0.0,0.0,0.0,0.0,0.0,0.0,0.0,0.0,0.0,0.0,0.0,0.0,0.0,0.0,0.0,0.0,0.0,0.0,0.0,0.0,0.0,0.0,0.0,0.0097616991775114,0.0097616991775114,0.0097616991775114,-4.983770822092044e-06,-4.983770822092044e-06,-4.983770822092044e-06,0.0097666829483335,0.0097666829483335,0.0097666829483335,0.0,0.0,0.0,9038304.124979611
2025-03-22,8963360.468280513,8966318.2087477,9147341.046513846,8963360.468280513,8963360.468280513,0.0,0.0,0.0,0.0,0.0,0.0,0.0,0.0,0.0,0.0,0.0,0.0,0.0,0.0,0.0,0.0,0.0,0.0,0.0,0.0,0.0,0.0,0.0,0.0,0.0,0.0,0.0,0.0,0.0,0.0,0.0,0.0,0.0,0.0109092805805065,0.0109092805805065,0.0109092805805065,0.0006527986307405,0.0006527986307405,0.0006527986307405,0.0102564819497659,0.0102564819497659,0.0102564819497659,0.0,0.0,0.0,9061144.282573206
2025-03-23,8975793.076708894,8997608.608065028,9177143.896946302,8975793.076708894,8975793.076708894,0.0,0.0,0.0,0.0,0.0,0.0,0.0,0.0,0.0,0.0,0.0,0.0,0.0,0.0,0.0,0.0,0.0,0.0,0.0,0.0,0.0,0.0,0.0,0.0,0.0,0.0,0.0,0.0,0.0,0.0,0.0,0.0,0.0,0.0120477771487858,0.0120477771487858,0.0120477771487858,0.0012943274964917,0.0012943274964917,0.0012943274964917,0.0107534496522941,0.0107534496522941,0.0107534496522941,0.0,0.0,0.0,9083931.4314307
2025-03-24,8988225.685137276,8996918.971102364,9175667.752940148,8988225.685137276,8988225.685137276,0.0,0.0,0.0,0.0,0.0,0.0,0.0,0.0,0.0,0.0,0.0,0.0,0.0,0.0,0.0,0.0,0.0,0.0,0.0,0.0,0.0,0.0,0.0,0.0,0.0,0.0,0.0,0.0,0.0,0.0,0.0,0.0,0.0,0.0105606139428229,0.0105606139428229,0.0105606139428229,-0.0006993391191695,-0.0006993391191695,-0.0006993391191695,0.0112599530619925,0.0112599530619925,0.0112599530619925,0.0,0.0,0.0,9083146.866628977
2025-03-25,9000658.293565659,9010727.44184837,9189925.799354771,9000658.293565659,9000658.293565659,0.0,0.0,0.0,0.0,0.0,0.0,0.0,0.0,0.0,0.0,0.0,0.0,0.0,0.0,0.0,0.0,0.0,0.0,0.0,0.0,0.0,0.0,0.0,0.0,0.0,0.0,0.0,0.0,0.0,0.0,0.0,0.0,0.0,0.0108455706995567,0.0108455706995567,0.0108455706995567,-0.0009328826298027,-0.0009328826298027,-0.0009328826298027,0.0117784533293595,0.0117784533293595,0.0117784533293595,0.0,0.0,0.0,9098275.569431076
2025-03-26,9013090.90199404,9036569.889690433,9211219.84238788,9013090.90199404,9013090.90199404,0.0,0.0,0.0,0.0,0.0,0.0,0.0,0.0,0.0,0.0,0.0,0.0,0.0,0.0,0.0,0.0,0.0,0.0,0.0,0.0,0.0,0.0,0.0,0.0,0.0,0.0,0.0,0.0,0.0,0.0,0.0,0.0,0.0,0.0120349816137217,0.0120349816137217,0.0120349816137217,-0.0002763532964444,-0.0002763532964444,-0.0002763532964444,0.0123113349101662,0.0123113349101662,0.0123113349101662,0.0,0.0,0.0,9121563.285282342
2025-03-27,9025523.510422422,9055099.400798813,9225297.54389216,9025523.510422422,9025523.510422422,0.0,0.0,0.0,0.0,0.0,0.0,0.0,0.0,0.0,0.0,0.0,0.0,0.0,0.0,0.0,0.0,0.0,0.0,0.0,0.0,0.0,0.0,0.0,0.0,0.0,0.0,0.0,0.0,0.0,0.0,0.0,0.0,0.0,0.0128271668231533,0.0128271668231533,0.0128271668231533,-3.3567311000824444e-05,-3.3567311000824444e-05,-3.3567311000824444e-05,0.0128607341341541,0.0128607341341541,0.0128607341341541,0.0,0.0,0.0,9141295.406156903
2025-03-28,9037956.118850805,9071190.783525055,9249698.37621685,9037956.118850805,9037956.118850805,0.0,0.0,0.0,0.0,0.0,0.0,0.0,0.0,0.0,0.0,0.0,0.0,0.0,0.0,0.0,0.0,0.0,0.0,0.0,0.0,0.0,0.0,0.0,0.0,0.0,0.0,0.0,0.0,0.0,0.0,0.0,0.0,0.0,0.0134233891909202,0.0134233891909202,0.0134233891909202,-4.983770819963295e-06,-4.983770819963295e-06,-4.983770819963295e-06,0.0134283729617402,0.0134283729617402,0.0134283729617402,0.0,0.0,0.0,9159276.1213246
2025-03-29,9050388.727279186,9092686.134312475,9269576.45485682,9050388.727279186,9050388.727279186,0.0,0.0,0.0,0.0,0.0,0.0,0.0,0.0,0.0,0.0,0.0,0.0,0.0,0.0,0.0,0.0,0.0,0.0,0.0,0.0,0.0,0.0,0.0,0.0,0.0,0.0,0.0,0.0,0.0,0.0,0.0,0.0,0.0,0.0146682022356636,0.0146682022356636,0.0146682022356636,0.0006527986307421,0.0006527986307421,0.0006527986307421,0.0140154036049215,0.0140154036049215,0.0140154036049215,0.0,0.0,0.0,9183141.659442289
2025-03-30,9062821.33570757,9121310.10238411,9301925.841013674,9062821.33570757,9062821.33570757,0.0,0.0,0.0,0.0,0.0,0.0,0.0,0.0,0.0,0.0,0.0,0.0,0.0,0.0,0.0,0.0,0.0,0.0,0.0,0.0,0.0,0.0,0.0,0.0,0.0,0.0,0.0,0.0,0.0,0.0,0.0,0.0,0.0,0.0159165969079268,0.0159165969079268,0.0159165969079268,0.0012943274964911,0.0012943274964911,0.0012943274964911,0.0146222694114357,0.0146222694114357,0.0146222694114357,0.0,0.0,0.0,9207070.609756587
2025-03-31,9075253.94413595,9123700.945554707,9299688.60825079,9075253.94413595,9075253.94413595,0.0,0.0,0.0,0.0,0.0,0.0,0.0,0.0,0.0,0.0,0.0,0.0,0.0,0.0,0.0,0.0,0.0,0.0,0.0,0.0,0.0,0.0,0.0,0.0,0.0,0.0,0.0,0.0,0.0,0.0,0.0,0.0,0.0,0.0145492478487164,0.0145492478487164,0.0145492478487164,-0.0006993391191641,-0.0006993391191641,-0.0006993391191641,0.0152485869678806,0.0152485869678806,0.0152485869678806,0.0,0.0,0.0,9207292.063059228
2025-04-01,9087686.552564332,9131320.125903502,9310309.346652178,9087686.552564332,9087686.552564332,0.0,0.0,0.0,0.0,0.0,0.0,0.0,0.0,0.0,0.0,0.0,0.0,0.0,0.0,0.0,0.0,0.0,0.0,0.0,0.0,0.0,0.0,0.0,0.0,0.0,0.0,0.0,0.0,0.0,0.0,0.0,0.0,0.0,0.0149601711503431,0.0149601711503431,0.0149601711503431,-0.0009328826298014,-0.0009328826298014,-0.0009328826298014,0.0158930537801446,0.0158930537801446,0.0158930537801446,0.0,0.0,0.0,9223639.898751369
2025-04-02,9100119.160992716,9162246.284198424,9336367.640823437,9100119.160992716,9100119.160992716,0.0,0.0,0.0,0.0,0.0,0.0,0.0,0.0,0.0,0.0,0.0,0.0,0.0,0.0,0.0,0.0,0.0,0.0,0.0,0.0,0.0,0.0,0.0,0.0,0.0,0.0,0.0,0.0,0.0,0.0,0.0,0.0,0.0,0.016277031858129,0.016277031858129,0.016277031858129,-0.0002763532964434,-0.0002763532964434,-0.0002763532964434,0.0165533851545725,0.0165533851545725,0.0165533851545725,0.0,0.0,0.0,9248242.090488965
2025-04-03,9112551.7694211,9178839.71743411,9357358.584590243,9112551.7694211,9112551.7694211,0.0,0.0,0.0,0.0,0.0,0.0,0.0,0.0,0.0,0.0,0.0,0.0,0.0,0.0,0.0,0.0,0.0,0.0,0.0,0.0,0.0,0.0,0.0,0.0,0.0,0.0,0.0,0.0,0.0,0.0,0.0,0.0,0.0,0.0171927157408558,0.0171927157408558,0.0171927157408558,-3.3567311001466414e-05,-3.3567311001466414e-05,-3.3567311001466414e-05,0.0172262830518573,0.0172262830518573,0.0172262830518573,0.0,0.0,0.0,9269221.281666588
2025-04-04,9124984.37784948,9199154.393404312,9378451.745204931,9124984.37784948,9124984.37784948,0.0,0.0,0.0,0.0,0.0,0.0,0.0,0.0,0.0,0.0,0.0,0.0,0.0,0.0,0.0,0.0,0.0,0.0,0.0,0.0,0.0,0.0,0.0,0.0,0.0,0.0,0.0,0.0,0.0,0.0,0.0,0.0,0.0,0.0179024549710739,0.0179024549710739,0.0179024549710739,-4.98377082075544e-06,-4.98377082075544e-06,-4.98377082075544e-06,0.0179074387418947,0.0179074387418947,0.0179074387418947,0.0,0.0,0.0,9288343.999785684
2025-04-05,9137416.986277862,9224987.931558557,9407041.437589375,9137416.986277862,9137416.986277862,0.0,0.0,0.0,0.0,0.0,0.0,0.0,0.0,0.0,0.0,0.0,0.0,0.0,0.0,0.0,0.0,0.0,0.0,0.0,0.0,0.0,0.0,0.0,0.0,0.0,0.0,0.0,0.0,0.0,0.0,0.0,0.0,0.0,0.0192443687098813,0.0192443687098813,0.0192443687098813,0.0006527986307426,0.0006527986307426,0.0006527986307426,0.0185915700791386,0.0185915700791386,0.0185915700791386,0.0,0.0,0.0,9313260.807817724
2025-04-06,9149849.594706245,9246295.4865246,9428826.341677813,9149849.594706245,9149849.594706245,0.0,0.0,0.0,0.0,0.0,0.0,0.0,0.0,0.0,0.0,0.0,0.0,0.0,0.0,0.0,0.0,0.0,0.0,0.0,0.0,0.0,0.0,0.0,0.0,0.0,0.0,0.0,0.0,0.0,0.0,0.0,0.0,0.0,0.0205668206703809,0.0205668206703809,0.0205668206703809,0.0012943274964941,0.0012943274964941,0.0012943274964941,0.0192724931738867,0.0192724931738867,0.0192724931738867,0.0,0.0,0.0,9338032.910481526
2025-04-07,9162282.203134626,9255515.127989192,9429060.404962566,9162282.203134626,9162282.203134626,0.0,0.0,0.0,0.0,0.0,0.0,0.0,0.0,0.0,0.0,0.0,0.0,0.0,0.0,0.0,0.0,0.0,0.0,0.0,0.0,0.0,0.0,0.0,0.0,0.0,0.0,0.0,0.0,0.0,0.0,0.0,0.0,0.0,0.0192438880664712,0.0192438880664712,0.0192438880664712,-0.0006993391191652,-0.0006993391191652,-0.0006993391191652,0.0199432271856365,0.0199432271856365,0.0199432271856365,0.0,0.0,0.0,9338600.13628517
2025-04-08,9174714.81156301,9258112.182949638,9443599.386116996,9174714.81156301,9174714.81156301,0.0,0.0,0.0,0.0,0.0,0.0,0.0,0.0,0.0,0.0,0.0,0.0,0.0,0.0,0.0,0.0,0.0,0.0,0.0,0.0,0.0,0.0,0.0,0.0,0.0,0.0,0.0,0.0,0.0,0.0,0.0,0.0,0.0,0.0196632473117787,0.0196632473117787,0.0196632473117787,-0.0009328826298026,-0.0009328826298026,-0.0009328826298026,0.0205961299415814,0.0205961299415814,0.0205961299415814,0.0,0.0,0.0,9355119.497917812
2025-04-09,9187147.41999139,9290754.71712502,9462629.735869428,9187147.41999139,9187147.41999139,0.0,0.0,0.0,0.0,0.0,0.0,0.0,0.0,0.0,0.0,0.0,0.0,0.0,0.0,0.0,0.0,0.0,0.0,0.0,0.0,0.0,0.0,0.0,0.0,0.0,0.0,0.0,0.0,0.0,0.0,0.0,0.0,0.0,0.0209467078201608,0.0209467078201608,0.0209467078201608,-0.0002763532964441,-0.0002763532964441,-0.0002763532964441,0.021223061116605,0.021223061116605,0.021223061116605,0.0,0.0,0.0,9379587.912698695
2025-04-10,9199580.028419772,9310537.373730795,9482494.802151907,9199580.028419772,9199580.028419772,0.0,0.0,0.0,0.0,0.0,0.0,0.0,0.0,0.0,0.0,0.0,0.0,0.0,0.0,0.0,0.0,0.0,0.0,0.0,0.0,0.0,0.0,0.0,0.0,0.0,0.0,0.0,0.0,0.0,0.0,0.0,0.0,0.0,0.0217820015187107,0.0217820015187107,0.0217820015187107,-3.356731100040022e-05,-3.356731100040022e-05,-3.356731100040022e-05,0.0218155688297111,0.0218155688297111,0.0218155688297111,0.0,0.0,0.0,9399965.294570312
2025-04-11,9212012.636848155,9327892.191419836,9505164.922265671,9212012.636848155,9212012.636848155,0.0,0.0,0.0,0.0,0.0,0.0,0.0,0.0,0.0,0.0,0.0,0.0,0.0,0.0,0.0,0.0,0.0,0.0,0.0,0.0,0.0,0.0,0.0,0.0,0.0,0.0,0.0,0.0,0.0,0.0,0.0,0.0,0.0,0.0223601109717121,0.0223601109717121,0.0223601109717121,-4.983770821936678e-06,-4.983770821936678e-06,-4.983770821936678e-06,0.022365094742534,0.022365094742534,0.022365094742534,0.0,0.0,0.0,9417994.261680895
2025-04-12,9224445.245276537,9360336.98740195,9529298.464001607,9224445.245276537,9224445.245276537,0.0,0.0,0.0,0.0,0.0,0.0,0.0,0.0,0.0,0.0,0.0,0.0,0.0,0.0,0.0,0.0,0.0,0.0,0.0,0.0,0.0,0.0,0.0,0.0,0.0,0.0,0.0,0.0,0.0,0.0,0.0,0.0,0.0,0.0235159907423917,0.0235159907423917,0.0235159907423917,0.0006527986307442,0.0006527986307442,0.0006527986307442,0.0228631921116475,0.0228631921116475,0.0228631921116475,0.0,0.0,0.0,9441367.21426816
2025-04-13,9236877.853704918,9379653.548359452,9552929.804197652,9236877.853704918,9236877.853704918,0.0,0.0,0.0,0.0,0.0,0.0,0.0,0.0,0.0,0.0,0.0,0.0,0.0,0.0,0.0,0.0,0.0,0.0,0.0,0.0,0.0,0.0,0.0,0.0,0.0,0.0,0.0,0.0,0.0,0.0,0.0,0.0,0.0,0.0245960782643387,0.0245960782643387,0.0245960782643387,0.0012943274964935,0.0012943274964935,0.0012943274964935,0.0233017507678451,0.0233017507678451,0.0233017507678451,0.0,0.0,0.0,9464068.82431278
2025-04-14,9249310.4621333,9375031.632171044,9554279.862385612,9249310.4621333,9249310.4621333,0.0,0.0,0.0,0.0,0.0,0.0,0.0,0.0,0.0,0.0,0.0,0.0,0.0,0.0,0.0,0.0,0.0,0.0,0.0,0.0,0.0,0.0,0.0,0.0,0.0,0.0,0.0,0.0,0.0,0.0,0.0,0.0,0.0,0.0229738835682188,0.0229738835682188,0.0229738835682188,-0.0006993391191662,-0.0006993391191662,-0.0006993391191662,0.0236732226873851,0.0236732226873851,0.0236732226873851,0.0,0.0,0.0,9461803.04377666
2025-04-15,9261743.070561685,9383413.893934648,9562889.091149926,9261743.070561685,9261743.070561685,0.0,0.0,0.0,0.0,0.0,0.0,0.0,0.0,0.0,0.0,0.0,0.0,0.0,0.0,0.0,0.0,0.0,0.0,0.0,0.0,0.0,0.0,0.0,0.0,0.0,0.0,0.0,0.0,0.0,0.0,0.0,0.0,0.0,0.0230379590632735,0.0230379590632735,0.0230379590632735,-0.0009328826298013,-0.0009328826298013,-0.0009328826298013,0.0239708416930748,0.0239708416930748,0.0239708416930748,0.0,0.0,0.0,9475114.72827584
2025-04-16,9274175.678990066,9407011.606931934,9581947.537573935,9274175.678990066,9274175.678990066,0.0,0.0,0.0,0.0,0.0,0.0,0.0,0.0,0.0,0.0,0.0,0.0,0.0,0.0,0.0,0.0,0.0,0.0,0.0,0.0,0.0,0.0,0.0,0.0,0.0,0.0,0.0,0.0,0.0,0.0,0.0,0.0,0.0,0.0239124775856483,0.0239124775856483,0.0239124775856483,-0.0002763532964449,-0.0002763532964449,-0.0002763532964449,0.0241888308820933,0.0241888308820933,0.0241888308820933,0.0,0.0,0.0,9495944.19703928
2025-04-17,9286608.287418447,9419125.343304267,9606253.850298664,9286608.287418447,9286608.287418447,0.0,0.0,0.0,0.0,0.0,0.0,0.0,0.0,0.0,0.0,0.0,0.0,0.0,0.0,0.0,0.0,0.0,0.0,0.0,0.0,0.0,0.0,0.0,0.0,0.0,0.0,0.0,0.0,0.0,0.0,0.0,0.0,0.0,0.0242890243113823,0.0242890243113823,0.0242890243113823,-3.356731099933403e-05,-3.356731099933403e-05,-3.356731099933403e-05,0.0243225916223816,0.0243225916223816,0.0243225916223816,0.0,0.0,0.0,9512170.941881835
2025-04-18,9299040.895846829,9473983.405176934,9653299.300924888,9299040.895846829,9299040.895846829,0.0,0.0,0.0,0.0,0.0,0.0,0.0,0.0,0.0,0.0,0.0,0.0,0.0,0.0,0.0,0.0043866938,0.0043866938,0.0043866938,0.0,0.0,0.0,0.0,0.0,0.0,0.0,0.0,0.0,0.0,0.0,0.0,0.0043866938,0.0043866938,0.0043866938,0.028750578414038,0.028750578414038,0.028750578414038,-4.98377082126843e-06,-4.98377082126843e-06,-4.98377082126843e-06,0.0243688683848593,0.0243688683848593,0.0243688683848593,0.0,0.0,0.0,9566393.70029822
2025-04-19,9311473.504275212,9455558.425876334,9635426.770716358,9311473.504275212,9311473.504275212,0.0,0.0,0.0,0.0,0.0,0.0,0.0,0.0,0.0,0.0,0.0,0.0,0.0,0.0,0.0,0.0,0.0,0.0,0.0,0.0,0.0,0.0,0.0,0.0,0.0,0.0,0.0,0.0,0.0,0.0,0.0,0.0,0.0,0.0249786829044016,0.0249786829044016,0.0249786829044016,0.0006527986307438,0.0006527986307438,0.0006527986307438,0.0243258842736577,0.0243258842736577,0.0243258842736577,0.0,0.0,0.0,9544061.84831124
2025-04-20,9323906.112703592,9470549.655804915,9651252.647797858,9323906.112703592,9323906.112703592,0.0,0.0,0.0,0.0,0.0,0.0,0.0,0.0,0.0,0.0,0.0,0.0,0.0,0.0,0.0,0.0,0.0,0.0,0.0,0.0,0.0,0.0,0.0,0.0,0.0,0.0,0.0,0.0,0.0,0.0,0.0,0.0,0.0,0.0254877703616337,0.0254877703616337,0.0254877703616337,0.0012943274964929,0.0012943274964929,0.0012943274964929,0.0241934428651407,0.0241934428651407,0.0241934428651407,0.0,0.0,0.0,9561551.690577617
2025-04-21,9336338.721131977,9468128.074304584,9641828.147774303,9336338.721131977,9336338.721131977,0.0,0.0,0.0,0.0,0.0,0.0,0.0,0.0,0.0,0.0,0.0,0.0,0.0,0.0,0.0,0.0,0.0,0.0,0.0,0.0,0.0,0.0,0.0,0.0,0.0,0.0,0.0,0.0,0.0,0.0,0.0,0.0,0.0,0.0232736537292777,0.0232736537292777,0.0232736537292777,-0.0006993391191678,-0.0006993391191678,-0.0006993391191678,0.0239729928484455,0.0239729928484455,0.0239729928484455,0.0,0.0,0.0,9553629.43562685
2025-04-22,9348771.329560358,9469948.07175362,9644934.977549205,9348771.329560358,9348771.329560358,0.0,0.0,0.0,0.0,0.0,0.0,0.0,0.0,0.0,0.0,0.0,0.0,0.0,0.0,0.0,0.0,0.0,0.0,0.0,0.0,0.0,0.0,0.0,0.0,0.0,0.0,0.0,0.0,0.0,0.0,0.0,0.0,0.0,0.0227347703213174,0.0227347703213174,0.0227347703213174,-0.0009328826298031,-0.0009328826298031,-0.0009328826298031,0.0236676529511206,0.0236676529511206,0.0236676529511206,0.0,0.0,0.0,9561313.498524431
2025-04-23,9361203.93798874,9485272.4853902,9667355.689326752,9361203.93798874,9361203.93798874,0.0,0.0,0.0,0.0,0.0,0.0,0.0,0.0,0.0,0.0,0.0,0.0,0.0,0.0,0.0,0.0,0.0,0.0,0.0,0.0,0.0,0.0,0.0,0.0,0.0,0.0,0.0,0.0,0.0,0.0,0.0,0.0,0.0,0.0230058424091304,0.0230058424091304,0.0230058424091304,-0.0002763532964455,-0.0002763532964455,-0.0002763532964455,0.0232821957055759,0.0232821957055759,0.0232821957055759,0.0,0.0,0.0,9576566.32054584
2025-04-24,9373636.546417125,9502263.931541843,9677605.174000273,9373636.546417125,9373636.546417125,0.0,0.0,0.0,0.0,0.0,0.0,0.0,0.0,0.0,0.0,0.0,0.0,0.0,0.0,0.0,0.0,0.0,0.0,0.0,0.0,0.0,0.0,0.0,0.0,0.0,0.0,0.0,0.0,0.0,0.0,0.0,0.0,0.0,0.0227894224243,0.0227894224243,0.0227894224243,-3.3567310999976e-05,-3.3567310999976e-05,-3.3567310999976e-05,0.0228229897353,0.0228229897353,0.0228229897353,0.0,0.0,0.0,9587256.30932528
2025-04-25,9386069.154845506,9511172.089110453,9684557.885853942,9386069.154845506,9386069.154845506,0.0,0.0,0.0,0.0,0.0,0.0,0.0,0.0,0.0,0.0,0.0,0.0,0.0,0.0,0.0,0.0,0.0,0.0,0.0,0.0,0.0,0.0,0.0,0.0,0.0,0.0,0.0,0.0,0.0,0.0,0.0,0.0,0.0,0.0222929176115915,0.0222929176115915,0.0222929176115915,-4.983770820600264e-06,-4.983770820600264e-06,-4.983770820600264e-06,0.0222979013824121,0.0222979013824121,0.0222979013824121,0.0,0.0,0.0,9595312.021211175
2025-04-26,9398501.763273884,9522439.633052295,9692868.019383753,9398501.763273884,9398501.763273884,0.0,0.0,0.0,0.0,0.0,0.0,0.0,0.0,0.0,0.0,0.0,0.0,0.0,0.0,0.0,0.0,0.0,0.0,0.0,0.0,0.0,0.0,0.0,0.0,0.0,0.0,0.0,0.0,0.0,0.0,0.0,0.0,0.0,0.0223689562581832,0.0223689562581832,0.0223689562581832,0.0006527986307453,0.0006527986307453,0.0006527986307453,0.0217161576274378,0.0217161576274378,0.0217161576274378,0.0,0.0,0.0,9608736.438109018
2025-04-27,9410934.371702269,9532728.36486624,9710226.271866567,9410934.371702269,9410934.371702269,0.0,0.0,0.0,0.0,0.0,0.0,0.0,0.0,0.0,0.0,0.0,0.0,0.0,0.0,0.0,0.0,0.0,0.0,0.0,0.0,0.0,0.0,0.0,0.0,0.0,0.0,0.0,0.0,0.0,0.0,0.0,0.0,0.0,0.0223825008326184,0.0223825008326184,0.0223825008326184,0.0012943274964959,0.0012943274964959,0.0012943274964959,0.0210881733361224,0.0210881733361224,0.0210881733361224,0.0,0.0,0.0,9621574.618112613
2025-04-28,9423366.980130652,9518052.86278084,9696707.12574016,9423366.980130652,9423366.980130652,0.0,0.0,0.0,0.0,0.0,0.0,0.0,0.0,0.0,0.0,0.0,0.0,0.0,0.0,0.0,0.0,0.0,0.0,0.0,0.0,0.0,0.0,0.0,0.0,0.0,0.0,0.0,0.0,0.0,0.0,0.0,0.0,0.0,0.0197260077560864,0.0197260077560864,0.0197260077560864,-0.0006993391191694,-0.0006993391191694,-0.0006993391191694,0.0204253468752558,0.0204253468752558,0.0204253468752558,0.0,0.0,0.0,9609252.390269157
2025-04-29,9435799.588559031,9526799.205636593,9707250.533680392,9435799.588559031,9435799.588559031,0.0,0.0,0.0,0.0,0.0,0.0,0.0,0.0,0.0,0.0,0.0,0.0,0.0,0.0,0.0,0.0,0.0,0.0,0.0,0.0,0.0,0.0,0.0,0.0,0.0,0.0,0.0,0.0,0.0,0.0,0.0,0.0,0.0,0.0188069464111559,0.0188069464111559,0.0188069464111559,-0.000932882629803,-0.000932882629803,-0.000932882629803,0.019739829040959,0.019739829040959,0.019739829040959,0.0,0.0,0.0,9613258.16576747
2025-04-30,9448232.196987417,9535981.670183323,9720338.710789245,9448232.196987417,9448232.196987417,0.0,0.0,0.0,0.0,0.0,0.0,0.0,0.0,0.0,0.0,0.0,0.0,0.0,0.0,0.0,0.0,0.0,0.0,0.0,0.0,0.0,0.0,0.0,0.0,0.0,0.0,0.0,0.0,0.0,0.0,0.0,0.0,0.0,0.018767917715892,0.018767917715892,0.018767917715892,-0.0002763532964429,-0.0002763532964429,-0.0002763532964429,0.019044271012335,0.019044271012335,0.019044271012335,0.0,0.0,0.0,9625555.841421118
2025-05-01,9460664.805415798,9409677.505201686,9594947.17584397,9460664.805415798,9460664.805415798,0.0,0.0,0.0,0.0,0.0,0.0,0.0,0.0,0.0,0.0,0.0,0.0,0.0,0.0,0.0,0.0,0.0,0.0,0.0,0.0,0.0,-0.014208229,-0.014208229,-0.014208229,0.0,0.0,0.0,0.0,0.0,0.0,-0.014208229,-0.014208229,-0.014208229,0.0041097613473287,0.0041097613473287,0.0041097613473287,-3.356731100061797e-05,-3.356731100061797e-05,-3.356731100061797e-05,0.0183515576583293,0.0183515576583293,0.0183515576583293,0.0,0.0,0.0,9499545.87995313
2025-05-02,9473097.41384418,9550499.710643774,9731185.579181522,9473097.41384418,9473097.41384418,0.0,0.0,0.0,0.0,0.0,0.0,0.0,0.0,0.0,0.0,0.0,0.0,0.0,0.0,0.0,0.0,0.0,0.0,0.0,0.0,0.0,0.0,0.0,0.0,0.0,0.0,0.0,0.0,0.0,0.0,0.0,0.0,0.0,0.01766954919715,0.01766954919715,0.01766954919715,-4.983770821392382e-06,-4.983770821392382e-06,-4.983770821392382e-06,0.0176745329679714,0.0176745329679714,0.0176745329679714,0.0,0.0,0.0,9640482.774647497
2025-05-03,9485530.022272564,9567101.561899684,9749107.929006863,9485530.022272564,9485530.022272564,0.0,0.0,0.0,0.0,0.0,0.0,0.0,0.0,0.0,0.0,0.0,0.0,0.0,0.0,0.0,0.0,0.0,0.0,0.0,0.0,0.0,0.0,0.0,0.0,0.0,0.0,0.0,0.0,0.0,0.0,0.0,0.0,0.0,0.0176785232610839,0.0176785232610839,0.0176785232610839,0.0006527986307406,0.0006527986307406,0.0006527986307406,0.0170257246303432,0.0170257246303432,0.0170257246303432,0.0,0.0,0.0,9653220.185415018
2025-05-04,9497962.630700944,9577053.053327626,9761016.549508682,9497962.630700944,9497962.630700944,0.0,0.0,0.0,0.0,0.0,0.0,0.0,0.0,0.0,0.0,0.0,0.0,0.0,0.0,0.0,0.0,0.0,0.0,0.0,0.0,0.0,0.0,0.0,0.0,0.0,0.0,0.0,0.0,0.0,0.0,0.0,0.0,0.0,0.017711402349301,0.017711402349301,0.017711402349301,0.0012943274964951,0.0012943274964951,0.0012943274964951,0.0164170748528058,0.0164170748528058,0.0164170748528058,0.0,0.0,0.0,9666184.868351914
2025-05-05,9510395.239129327,9567395.404353488,9746380.051376514,9510395.239129327,9510395.239129327,0.0,0.0,0.0,0.0,0.0,0.0,0.0,0.0,0.0,0.0,0.0,0.0,0.0,0.0,0.0,0.0,0.0,0.0,0.0,0.0,0.0,0.0,0.0,0.0,0.0,0.0,0.0,0.0,0.0,0.0,0.0,0.0,0.0,0.0151603452523811,0.0151603452523811,0.0151603452523811,-0.0006993391191704,-0.0006993391191704,-0.0006993391191704,0.0158596843715516,0.0158596843715516,0.0158596843715516,0.0,0.0,0.0,9654576.11444113
2025-05-06,9522827.847557709,9575254.257304477,9750140.61705737,9522827.847557709,9522827.847557709,0.0,0.0,0.0,0.0,0.0,0.0,0.0,0.0,0.0,0.0,0.0,0.0,0.0,0.0,0.0,0.0,0.0,0.0,0.0,0.0,0.0,0.0,0.0,0.0,0.0,0.0,0.0,0.0,0.0,0.0,0.0,0.0,0.0,0.0144306936506984,0.0144306936506984,0.0144306936506984,-0.000932882629803,-0.000932882629803,-0.000932882629803,0.0153635762805015,0.0153635762805015,0.0153635762805015,0.0,0.0,0.0,9660248.858914156
2025-05-07,9535260.45598609,9580065.592797376,9761593.489807982,9535260.45598609,9535260.45598609,0.0,0.0,0.0,0.0,0.0,0.0,0.0,0.0,0.0,0.0,0.0,0.0,0.0,0.0,0.0,0.0,0.0,0.0,0.0,0.0,0.0,0.0,0.0,0.0,0.0,0.0,0.0,0.0,0.0,0.0,0.0,0.0,0.0,0.0146611324952343,0.0146611324952343,0.0146611324952343,-0.0002763532964435,-0.0002763532964435,-0.0002763532964435,0.0149374857916778,0.0149374857916778,0.0149374857916778,0.0,0.0,0.0,9675058.17290787
2025-05-08,9547693.064414471,9599033.984559312,9772480.062979758,9547693.064414471,9547693.064414471,0.0,0.0,0.0,0.0,0.0,0.0,0.0,0.0,0.0,0.0,0.0,0.0,0.0,0.0,0.0,0.0,0.0,0.0,0.0,0.0,0.0,0.0,0.0,0.0,0.0,0.0,0.0,0.0,0.0,0.0,0.0,0.0,0.0,0.0145551140451374,0.0145551140451374,0.0145551140451374,-3.356731099986589e-05,-3.356731099986589e-05,-3.356731099986589e-05,0.0145886813561373,0.0145886813561373,0.0145886813561373,0.0,0.0,0.0,9686660.825834991
2025-05-09,9560125.672842856,9610899.16976505,9785943.288736602,9560125.672842856,9560125.672842856,0.0,0.0,0.0,0.0,0.0,0.0,0.0,0.0,0.0,0.0,0.0,0.0,0.0,0.0,0.0,0.0,0.0,0.0,0.0,0.0,0.0,0.0,0.0,0.0,0.0,0.0,0.0,0.0,0.0,0.0,0.0,0.0,0.0,0.0143178379676524,0.0143178379676524,0.0143178379676524,-4.9837708221844455e-06,-4.9837708221844455e-06,-4.9837708221844455e-06,0.0143228217384746,0.0143228217384746,0.0143228217384746,0.0,0.0,0.0,9697006.003177011
2025-05-10,9572558.281271236,9626803.626975968,9801844.779394414,9572558.281271236,9572558.281271236,0.0,0.0,0.0,0.0,0.0,0.0,0.0,0.0,0.0,0.0,0.0,0.0,0.0,0.0,0.0,0.0,0.0,0.0,0.0,0.0,0.0,0.0,0.0,0.0,0.0,0.0,0.0,0.0,0.0,0.0,0.0,0.0,0.0,0.0147966513034817,0.0147966513034817,0.0147966513034817,0.0006527986307421,0.0006527986307421,0.0006527986307421,0.0141438526727396,0.0141438526727396,0.0141438526727396,0.0,0.0,0.0,9714200.088241464
2025-05-11,9584990.88969962,9636203.96583873,9821655.85127312,9584990.88969962,9584990.88969962,0.0,0.0,0.0,0.0,0.0,0.0,0.0,0.0,0.0,0.0,0.0,0.0,0.0,0.0,0.0,0.0,0.0,0.0,0.0,0.0,0.0,0.0,0.0,0.0,0.0,0.0,0.0,0.0,0.0,0.0,0.0,0.0,0.0,0.0153482731569739,0.0153482731569739,0.0153482731569739,0.0012943274964947,0.0012943274964947,0.0012943274964947,0.0140539456604791,0.0140539456604791,0.0140539456604791,0.0,0.0,0.0,9732103.948081834
2025-05-12,9597423.498128,9636982.773408037,9810779.198812814,9597423.498128,9597423.498128,0.0,0.0,0.0,0.0,0.0,0.0,0.0,0.0,0.0,0.0,0.0,0.0,0.0,0.0,0.0,0.0,0.0,0.0,0.0,0.0,0.0,0.0,0.0,0.0,0.0,0.0,0.0,0.0,0.0,0.0,0.0,0.0,0.0,0.0133541412132399,0.0133541412132399,0.0133541412132399,-0.0006993391191715,-0.0006993391191715,-0.0006993391191715,0.0140534803324114,0.0140534803324114,0.0140534803324114,0.0,0.0,0.0,9725588.846805269
2025-05-13,9609856.106556384,9645887.287290266,9829823.87854322,9609856.106556384,9609856.106556384,0.0,0.0,0.0,0.0,0.0,0.0,0.0,0.0,0.0,0.0,0.0,0.0,0.0,0.0,0.0,0.0,0.0,0.0,0.0,0.0,0.0,0.0,0.0,0.0,0.0,0.0,0.0,0.0,0.0,0.0,0.0,0.0,0.0,0.0132081879860593,0.0132081879860593,0.0132081879860593,-0.0009328826298017,-0.0009328826298017,-0.0009328826298017,0.0141410706158611,0.0141410706158611,0.0141410706158611,0.0,0.0,0.0,9736784.892530762
2025-05-14,9622288.714984767,9666531.459498,9840530.397763409,9622288.714984767,9622288.714984767,0.0,0.0,0.0,0.0,0.0,0.0,0.0,0.0,0.0,0.0,0.0,0.0,0.0,0.0,0.0,0.0,0.0,0.0,0.0,0.0,0.0,0.0,0.0,0.0,0.0,0.0,0.0,0.0,0.0,0.0,0.0,0.0,0.0,0.0140372804675189,0.0140372804675189,0.0140372804675189,-0.0002763532964425,-0.0002763532964425,-0.0002763532964425,0.0143136337639615,0.0143136337639615,0.0143136337639615,0.0,0.0,0.0,9757359.48041645
2025-05-15,9634721.323413149,9683257.336817184,9857044.581509445,9634721.323413149,9634721.323413149,0.0,0.0,0.0,0.0,0.0,0.0,0.0,0.0,0.0,0.0,0.0,0.0,0.0,0.0,0.0,0.0,0.0,0.0,0.0,0.0,0.0,0.0,0.0,0.0,0.0,0.0,0.0,0.0,0.0,0.0,0.0,0.0,0.0,0.0145329328319543,0.0145329328319543,0.0145329328319543,-3.356731099879969e-05,-3.356731099879969e-05,-3.356731099879969e-05,0.0145665001429531,0.0145665001429531,0.0145665001429531,0.0,0.0,0.0,9774742.081260908
2025-05-16,9647153.931841528,9702295.722838426,9881372.781388905,9647153.931841528,9647153.931841528,0.0,0.0,0.0,0.0,0.0,0.0,0.0,0.0,0.0,0.0,0.0,0.0,0.0,0.0,0.0,0.0,0.0,0.0,0.0,0.0,0.0,0.0,0.0,0.0,0.0,0.0,0.0,0.0,0.0,0.0,0.0,0.0,0.0,0.014888576802854,0.014888576802854,0.014888576802854,-4.9837708215161975e-06,-4.9837708215161975e-06,-4.9837708215161975e-06,0.0148935605736755,0.0148935605736755,0.0148935605736755,0.0,0.0,0.0,9790786.324084708
2025-05-17,9659586.540269911,9738108.484277189,9902715.14892548,9659586.540269911,9659586.540269911,0.0,0.0,0.0,0.0,0.0,0.0,0.0,0.0,0.0,0.0,0.0,0.0,0.0,0.0,0.0,0.0,0.0,0.0,0.0,0.0,0.0,0.0,0.0,0.0,0.0,0.0,0.0,0.0,0.0,0.0,0.0,0.0,0.0,0.015940245644168,0.015940245644168,0.015940245644168,0.0006527986307427,0.0006527986307427,0.0006527986307427,0.0152874470134253,0.0152874470134253,0.0152874470134253,0.0,0.0,0.0,9813562.722542912
2025-05-18,9672019.148698296,9751770.989565607,9928967.480747577,9672019.148698296,9672019.148698296,0.0,0.0,0.0,0.0,0.0,0.0,0.0,0.0,0.0,0.0,0.0,0.0,0.0,0.0,0.0,0.0,0.0,0.0,0.0,0.0,0.0,0.0,0.0,0.0,0.0,0.0,0.0,0.0,0.0,0.0,0.0,0.0,0.0,0.0170340689698709,0.0170340689698709,0.0170340689698709,0.0012943274964939,0.0012943274964939,0.0012943274964939,0.015739741473377,0.015739741473377,0.015739741473377,0.0,0.0,0.0,9836772.989955133
2025-05-19,9684451.757126676,9745675.853064446,9925164.60407454,9684451.757126676,9684451.757126676,0.0,0.0,0.0,0.0,0.0,0.0,0.0,0.0,0.0,0.0,0.0,0.0,0.0,0.0,0.0,0.0,0.0,0.0,0.0,0.0,0.0,0.0,0.0,0.0,0.0,0.0,0.0,0.0,0.0,0.0,0.0,0.0,0.0,0.0155418682006333,0.0155418682006333,0.0155418682006333,-0.0006993391191661,-0.0006993391191661,-0.0006993391191661,0.0162412073197995,0.0162412073197995,0.0162412073197995,0.0,0.0,0.0,9834966.229931332
2025-05-20,9696884.36555506,9755988.669721937,9942711.592012543,9696884.36555506,9696884.36555506,0.0,0.0,0.0,0.0,0.0,0.0,0.0,0.0,0.0,0.0,0.0,0.0,0.0,0.0,0.0,0.0,0.0,0.0,0.0,0.0,0.0,0.0,0.0,0.0,0.0,0.0,0.0,0.0,0.0,0.0,0.0,0.0,0.0,0.0158491538956735,0.0158491538956735,0.0158491538956735,-0.0009328826298047,-0.0009328826298047,-0.0009328826298047,0.0167820365254782,0.0167820365254782,0.0167820365254782,0.0,0.0,0.0,9850571.778173292
2025-05-21,9709316.97398344,9788997.412740784,9959969.590178926,9709316.97398344,9709316.97398344,0.0,0.0,0.0,0.0,0.0,0.0,0.0,0.0,0.0,0.0,0.0,0.0,0.0,0.0,0.0,0.0,0.0,0.0,0.0,0.0,0.0,0.0,0.0,0.0,0.0,0.0,0.0,0.0,0.0,0.0,0.0,0.0,0.0,0.0170757527408375,0.0170757527408375,0.0170757527408375,-0.0002763532964432,-0.0002763532964432,-0.0002763532964432,0.0173521060372807,0.0173521060372807,0.0173521060372807,0.0,0.0,0.0,9875110.8699136
2025-05-22,9721749.582411824,9811903.081676682,9989713.06541661,9721749.582411824,9721749.582411824,0.0,0.0,0.0,0.0,0.0,0.0,0.0,0.0,0.0,0.0,0.0,0.0,0.0,0.0,0.0,0.0,0.0,0.0,0.0,0.0,0.0,0.0,0.0,0.0,0.0,0.0,0.0,0.0,0.0,0.0,0.0,0.0,0.0,0.0179076689069131,0.0179076689069131,0.0179076689069131,-3.356731100114982e-05,-3.356731100114982e-05,-3.356731100114982e-05,0.0179412362179143,0.0179412362179143,0.0179412362179143,0.0,0.0,0.0,9895843.455129577
2025-05-23,9734182.190840203,9823086.553910147,10000963.517186584,9734182.190840203,9734182.190840203,0.0,0.0,0.0,0.0,0.0,0.0,0.0,0.0,0.0,0.0,0.0,0.0,0.0,0.0,0.0,0.0,0.0,0.0,0.0,0.0,0.0,0.0,0.0,0.0,0.0,0.0,0.0,0.0,0.0,0.0,0.0,0.0,0.0,0.0185344605394274,0.0185344605394274,0.0185344605394274,-4.983770820847922e-06,-4.983770820847922e-06,-4.983770820847922e-06,0.0185394443102482,0.0185394443102482,0.0185394443102482,0.0,0.0,0.0,9914600.00653993
2025-05-24,9746614.799268588,9847563.868560323,10029529.18756203,9746614.799268588,9746614.799268588,0.0,0.0,0.0,0.0,0.0,0.0,0.0,0.0,0.0,0.0,0.0,0.0,0.0,0.0,0.0,0.0,0.0,0.0,0.0,0.0,0.0,0.0,0.0,0.0,0.0,0.0,0.0,0.0,0.0,0.0,0.0,0.0,0.0,0.0197899846917958,0.0197899846917958,0.0197899846917958,0.0006527986307389,0.0006527986307389,0.0006527986307389,0.0191371860610569,0.0191371860610569,0.0191371860610569,0.0,0.0,0.0,9939500.156942943
2025-05-25,9759047.407696968,9873443.167485671,10046136.652156552,9759047.407696968,9759047.407696968,0.0,0.0,0.0,0.0,0.0,0.0,0.0,0.0,0.0,0.0,0.0,0.0,0.0,0.0,0.0,0.0,0.0,0.0,0.0,0.0,0.0,0.0,0.0,0.0,0.0,0.0,0.0,0.0,0.0,0.0,0.0,0.0,0.0,0.021019906518496,0.021019906518496,0.021019906518496,0.0012943274964933,0.0012943274964933,0.0012943274964933,0.0197255790220027,0.0197255790220027,0.0197255790220027,0.0,0.0,0.0,9964181.671916328
2025-05-26,9771480.016125351,9875354.905494023,10057856.360374624,9771480.016125351,9771480.016125351,0.0,0.0,0.0,0.0,0.0,0.0,0.0,0.0,0.0,0.0,0.0,0.0,0.0,0.0,0.0,0.0,0.0,0.0,0.0,0.0,0.0,0.0,0.0,0.0,0.0,0.0,0.0,0.0,0.0,0.0,0.0,0.0,0.0,0.019597262488757,0.019597262488757,0.019597262488757,-0.0006993391191677,-0.0006993391191677,-0.0006993391191677,0.0202966016079247,0.0202966016079247,0.0202966016079247,0.0,0.0,0.0,9962974.274905004
2025-05-27,9783912.624553733,9892024.115970371,10067766.482904792,9783912.624553733,9783912.624553733,0.0,0.0,0.0,0.0,0.0,0.0,0.0,0.0,0.0,0.0,0.0,0.0,0.0,0.0,0.0,0.0,0.0,0.0,0.0,0.0,0.0,0.0,0.0,0.0,0.0,0.0,0.0,0.0,0.0,0.0,0.0,0.0,0.0,0.0199103800898918,0.0199103800898918,0.0199103800898918,-0.0009328826298034,-0.0009328826298034,-0.0009328826298034,0.0208432627196953,0.0208432627196953,0.0208432627196953,0.0,0.0,0.0,9978714.043674888
2025-05-28,9796345.232982116,9912321.327453297,10091605.766249858,9796345.232982116,9796345.232982116,0.0,0.0,0.0,0.0,0.0,0.0,0.0,0.0,0.0,0.0,0.0,0.0,0.0,0.0,0.0,0.0,0.0,0.0,0.0,0.0,0.0,0.0,0.0,0.0,0.0,0.0,0.0,0.0,0.0,0.0,0.0,0.0,0.0,0.0210833843134292,0.0210833843134292,0.0210833843134292,-0.0002763532964422,-0.0002763532964422,-0.0002763532964422,0.0213597376098714,0.0213597376098714,0.0213597376098714,0.0,0.0,0.0,10002885.344396109
2025-05-29,9808777.841410495,9928953.51937621,10110603.803163812,9808777.841410495,9808777.841410495,0.0,0.0,0.0,0.0,0.0,0.0,0.0,0.0,0.0,0.0,0.0,0.0,0.0,0.0,0.0,0.0,0.0,0.0,0.0,0.0,0.0,0.0,0.0,0.0,0.0,0.0,0.0,0.0,0.0,0.0,0.0,0.0,0.0,0.0218078993479966,0.0218078993479966,0.0218078993479966,-3.356731100008363e-05,-3.356731100008363e-05,-3.356731100008363e-05,0.0218414666589967,0.0218414666589967,0.0218414666589967,0.0,0.0,0.0,10022686.681302838
2025-05-30,9821210.44983888,9956198.399894372,10137428.669151315,9821210.44983888,9821210.44983888,0.0,0.0,0.0,0.0,0.0,0.0,0.0,0.0,0.0,0.0,0.0,0.0,0.0,0.0,0.0,0.0,0.0,0.0,0.0,0.0,0.0,0.0,0.0,0.0,0.0,0.0,0.0,0.0,0.0,0.0,0.0,0.0,0.0,0.0222802310393212,0.0222802310393212,0.0222802310393212,-4.983770820568713e-06,-4.983770820568713e-06,-4.983770820568713e-06,0.0222852148101417,0.0222852148101417,0.0222852148101417,0.0,0.0,0.0,10040029.287747089
2025-05-31,9833643.058267262,9971528.67161083,10147245.999616992,9833643.058267262,9833643.058267262,0.0,0.0,0.0,0.0,0.0,0.0,0.0,0.0,0.0,0.0,0.0,0.0,0.0,0.0,0.0,0.0,0.0,0.0,0.0,0.0,0.0,0.0,0.0,0.0,0.0,0.0,0.0,0.0,0.0,0.0,0.0,0.0,0.0,0.0233418891787086,0.0233418891787086,0.0233418891787086,0.0006527986307395,0.0006527986307395,0.0006527986307395,0.0226890905479691,0.0226890905479691,0.0226890905479691,0.0,0.0,0.0,10063178.864756314
2025-06-01,9846075.666695643,9995811.307933198,10169636.417844765,9846075.666695643,9846075.666695643,0.0,0.0,0.0,0.0,0.0,0.0,0.0,0.0,0.0,0.0,0.0,0.0,0.0,0.0,0.0,0.0,0.0,0.0,0.0,0.0,0.0,0.0,0.0,0.0,0.0,0.0,0.0,0.0,0.0,0.0,0.0,0.0,0.0,0.0243468519699747,0.0243468519699747,0.0243468519699747,0.0012943274964924,0.0012943274964924,0.0012943274964924,0.0230525244734822,0.0230525244734822,0.0230525244734822,0.0,0.0,0.0,10085796.613437854
2025-06-02,9858508.275124025,9989345.822126493,10172085.71386616,9858508.275124025,9858508.275124025,0.0,0.0,0.0,0.0,0.0,0.0,0.0,0.0,0.0,0.0,0.0,0.0,0.0,0.0,0.0,0.0,0.0,0.0,0.0,0.0,0.0,0.0,0.0,0.0,0.0,0.0,0.0,0.0,0.0,0.0,0.0,0.0,0.0,0.0226768695642257,0.0226768695642257,0.0226768695642257,-0.0006993391191682,-0.0006993391191682,-0.0006993391191682,0.0233762086833939,0.0233762086833939,0.0233762086833939,0.0,0.0,0.0,10082068.381376851
2025-06-03,9870940.883552408,10003737.251387073,10184223.534515522,9870940.883552408,9870940.883552408,0.0,0.0,0.0,0.0,0.0,0.0,0.0,0.0,0.0,0.0,0.0,0.0,0.0,0.0,0.0,0.0,0.0,0.0,0.0,0.0,0.0,0.0,0.0,0.0,0.0,0.0,0.0,0.0,0.0,0.0,0.0,0.0,0.0,0.0227291166504337,0.0227291166504337,0.0227291166504337,-0.0009328826298046,-0.0009328826298046,-0.0009328826298046,0.0236619992802383,0.0236619992802383,0.0236619992802383,0.0,0.0,0.0,10095298.650344206
2025-06-04,9883373.49198079,10027189.203672567,10201901.90358342,9883373.49198079,9883373.49198079,0.0,0.0,0.0,0.0,0.0,0.0,0.0,0.0,0.0,0.0,0.0,0.0,0.0,0.0,0.0,0.0,0.0,0.0,0.0,0.0,0.0,0.0,0.0,0.0,0.0,0.0,0.0,0.0,0.0,0.0,0.0,0.0,0.0,0.0236364320878464,0.0236364320878464,0.0236364320878464,-0.0002763532964446,-0.0002763532964446,-0.0002763532964446,0.023912785384291,0.023912785384291,0.023912785384291,0.0,0.0,0.0,10116981.178322814
2025-06-05,9895806.100409172,10043848.873624636,10219051.835342946,9895806.100409172,9895806.100409172,0.0,0.0,0.0,0.0,0.0,0.0,0.0,0.0,0.0,0.0,0.0,0.0,0.0,0.0,0.0,0.0,0.0,0.0,0.0,0.0,0.0,0.0,0.0,0.0,0.0,0.0,0.0,0.0,0.0,0.0,0.0,0.0,0.0,0.0240987616499979,0.0240987616499979,0.0240987616499979,-3.35673110007256e-05,-3.35673110007256e-05,-3.35673110007256e-05,0.0241323289609986,0.0241323289609986,0.0241323289609986,0.0,0.0,0.0,10134282.772957528
2025-06-06,9908238.708837556,10057823.05180892,10232218.589665858,9908238.708837556,9908238.708837556,0.0,0.0,0.0,0.0,0.0,0.0,0.0,0.0,0.0,0.0,0.0,0.0,0.0,0.0,0.0,0.0,0.0,0.0,0.0,0.0,0.0,0.0,0.0,0.0,0.0,0.0,0.0,0.0,0.0,0.0,0.0,0.0,0.0,0.0243200968204384,0.0243200968204384,0.0243200968204384,-4.983770821360831e-06,-4.983770821360831e-06,-4.983770821360831e-06,0.0243250805912597,0.0243250805912597,0.0243250805912597,0.0,0.0,0.0,10149208.0335565
2025-06-07,9920671.317265935,10088035.969011145,10258509.083886882,9920671.317265935,9920671.317265935,0.0,0.0,0.0,0.0,0.0,0.0,0.0,0.0,0.0,0.0,0.0,0.0,0.0,0.0,0.0,0.0,0.0,0.0,0.0,0.0,0.0,0.0,0.0,0.0,0.0,0.0,0.0,0.0,0.0,0.0,0.0,0.0,0.0,0.0251487756041724,0.0251487756041724,0.0251487756041724,0.000652798630741,0.000652798630741,0.000652798630741,0.0244959769734314,0.0244959769734314,0.0244959769734314,0.0,0.0,0.0,10170164.054066608
2025-06-08,9933103.92569432,10101055.331210917,10275987.895217204,9933103.92569432,9933103.92569432,0.0,0.0,0.0,0.0,0.0,0.0,0.0,0.0,0.0,0.0,0.0,0.0,0.0,0.0,0.0,0.0,0.0,0.0,0.0,0.0,0.0,0.0,0.0,0.0,0.0,0.0,0.0,0.0,0.0,0.0,0.0,0.0,0.0,0.0259445539332743,0.0259445539332743,0.0259445539332743,0.0012943274964918,0.0012943274964918,0.0012943274964918,0.0246502264367825,0.0246502264367825,0.0246502264367825,0.0,0.0,0.0,10190813.876219315
2025-06-09,9945536.534122702,10093002.058512418,10275382.21099451,9945536.534122702,9945536.534122702,0.0,0.0,0.0,0.0,0.0,0.0,0.0,0.0,0.0,0.0,0.0,0.0,0.0,0.0,0.0,0.0,0.0,0.0,0.0,0.0,0.0,0.0,0.0,0.0,0.0,0.0,0.0,0.0,0.0,0.0,0.0,0.0,0.0,0.0240937499334755,0.0240937499334755,0.0240937499334755,-0.0006993391191698,-0.0006993391191698,-0.0006993391191698,0.0247930890526453,0.0247930890526453,0.0247930890526453,0.0,0.0,0.0,10185161.804330098
2025-06-10,9957969.14255108,10106545.101946589,10282141.52556341,9957969.14255108,9957969.14255108,0.0,0.0,0.0,0.0,0.0,0.0,0.0,0.0,0.0,0.0,0.0,0.0,0.0,0.0,0.0,0.0,0.0,0.0,0.0,0.0,0.0,0.0,0.0,0.0,0.0,0.0,0.0,0.0,0.0,0.0,0.0,0.0,0.0,0.0239967754136077,0.0239967754136077,0.0239967754136077,-0.0009328826298033,-0.0009328826298033,-0.0009328826298033,0.0249296580434111,0.0249296580434111,0.0249296580434111,0.0,0.0,0.0,10196928.291640516
2025-06-11,9970401.750979465,10124943.53923686,10309416.436836028,9970401.750979465,9970401.750979465,0.0,0.0,0.0,0.0,0.0,0.0,0.0,0.0,0.0,0.0,0.0,0.0,0.0,0.0,0.0,0.0,0.0,0.0,0.0,0.0,0.0,0.0,0.0,0.0,0.0,0.0,0.0,0.0,0.0,0.0,0.0,0.0,0.0,0.0247882958117138,0.0247882958117138,0.0247882958117138,-0.0002763532964436,-0.0002763532964436,-0.0002763532964436,0.0250646491081575,0.0250646491081575,0.0250646491081575,0.0,0.0,0.0,10217551.018944371
2025-06-12,9982834.359407848,10151504.145934328,10319176.442889156,9982834.359407848,9982834.359407848,0.0,0.0,0.0,0.0,0.0,0.0,0.0,0.0,0.0,0.0,0.0,0.0,0.0,0.0,0.0,0.0,0.0,0.0,0.0,0.0,0.0,0.0,0.0,0.0,0.0,0.0,0.0,0.0,0.0,0.0,0.0,0.0,0.0,0.0251686366990098,0.0251686366990098,0.0251686366990098,-3.35673109996594e-05,-3.35673109996594e-05,-3.35673109996594e-05,0.0252022040100094,0.0252022040100094,0.0252022040100094,0.0,0.0,0.0,10234088.690626176
2025-06-13,9995266.96783623,10159112.79095656,10330032.621692758,9995266.96783623,9995266.96783623,0.0,0.0,0.0,0.0,0.0,0.0,0.0,0.0,0.0,0.0,0.0,0.0,0.0,0.0,0.0,0.0,0.0,0.0,0.0,0.0,0.0,0.0,0.0,0.0,0.0,0.0,0.0,0.0,0.0,0.0,0.0,0.0,0.0,0.0253407305420759,0.0253407305420759,0.0253407305420759,-4.983770820692556e-06,-4.983770820692556e-06,-4.983770820692556e-06,0.0253457143128965,0.0253457143128965,0.0253457143128965,0.0,0.0,0.0,10248554.33476428
2025-06-14,10007699.576264612,10182179.376832211,10356777.161926664,10007699.576264612,10007699.576264612,0.0,0.0,0.0,0.0,0.0,0.0,0.0,0.0,0.0,0.0,0.0,0.0,0.0,0.0,0.0,0.0,0.0,0.0,0.0,0.0,0.0,0.0,0.0,0.0,0.0,0.0,0.0,0.0,0.0,0.0,0.0,0.0,0.0,0.0261504691587862,0.0261504691587862,0.0261504691587862,0.0006527986307407,0.0006527986307407,0.0006527986307407,0.0254976705280455,0.0254976705280455,0.0254976705280455,0.0,0.0,0.0,10269405.615384117
2025-06-15,10020132.184692994,10199421.414519714,10378001.566531677,10020132.184692994,10020132.184692994,0.0,0.0,0.0,0.0,0.0,0.0,0.0,0.0,0.0,0.0,0.0,0.0,0.0,0.0,0.0,0.0,0.0,0.0,0.0,0.0,0.0,0.0,0.0,0.0,0.0,0.0,0.0,0.0,0.0,0.0,0.0,0.0,0.0,0.0269538686485626,0.0269538686485626,0.0269538686485626,0.0012943274964949,0.0012943274964949,0.0012943274964949,0.0256595411520677,0.0256595411520677,0.0256595411520677,0.0,0.0,0.0,10290213.511440445
2025-06-16,10032564.793121375,10199619.924452383,10374069.117367418,10032564.793121375,10032564.793121375,0.0,0.0,0.0,0.0,0.0,0.0,0.0,0.0,0.0,0.0,0.0,0.0,0.0,0.0,0.0,0.0,0.0,0.0,0.0,0.0,0.0,0.0,0.0,0.0,0.0,0.0,0.0,0.0,0.0,0.0,0.0,0.0,0.0,0.0251323460529091,0.0251323460529091,0.0251323460529091,-0.0006993391191638,-0.0006993391191638,-0.0006993391191638,0.025831685172073,0.025831685172073,0.025831685172073,0.0,0.0,0.0,10284706.683300337
2025-06-17,10044997.401549758,10208797.632401276,10389869.607605971,10044997.401549758,10044997.401549758,0.0,0.0,0.0,0.0,0.0,0.0,0.0,0.0,0.0,0.0,0.0,0.0,0.0,0.0,0.0,0.0,0.0,0.0,0.0,0.0,0.0,0.0,0.0,0.0,0.0,0.0,0.0,0.0,0.0,0.0,0.0,0.0,0.0,0.0250804179756649,0.0250804179756649,0.0250804179756649,-0.0009328826298021,-0.0009328826298021,-0.0009328826298021,0.026013300605467,0.026013300605467,0.026013300605467,0.0,0.0,0.0,10296930.134945096
2025-06-18,10057430.009978142,10227775.955789424,10406293.52066881,10057430.009978142,10057430.009978142,0.0,0.0,0.0,0.0,0.0,0.0,0.0,0.0,0.0,0.0,0.0,0.0,0.0,0.0,0.0,0.0,0.0,0.0,0.0,0.0,0.0,0.0,0.0,0.0,0.0,0.0,0.0,0.0,0.0,0.0,0.0,0.0,0.0,0.0259260572664534,0.0259260572664534,0.0259260572664534,-0.0002763532964443,-0.0002763532964443,-0.0002763532964443,0.0262024105628977,0.0262024105628977,0.0262024105628977,0.0,0.0,0.0,10318179.516370185
2025-06-19,10069862.61840652,10256661.97633543,10421060.184890026,10069862.61840652,10069862.61840652,0.0,0.0,0.0,0.0,0.0,0.0,0.0,0.0,0.0,0.0,0.0,0.0,0.0,0.0,0.0,0.0,0.0,0.0,0.0,0.0,0.0,0.0,0.0,0.0,0.0,0.0,0.0,0.0,0.0,0.0,0.0,0.0,0.0,0.0263623198926518,0.0263623198926518,0.0263623198926518,-3.356731100030137e-05,-3.356731100030137e-05,-3.356731100030137e-05,0.0263958872036521,0.0263958872036521,0.0263958872036521,0.0,0.0,0.0,10335327.55802801
2025-06-20,10082295.226834904,10261273.814883946,10439210.183406811,10082295.226834904,10082295.226834904,0.0,0.0,0.0,0.0,0.0,0.0,0.0,0.0,0.0,0.0,0.0,0.0,0.0,0.0,0.0,0.0,0.0,0.0,0.0,0.0,0.0,0.0,0.0,0.0,0.0,0.0,0.0,0.0,0.0,0.0,0.0,0.0,0.0,0.0265845290557896,0.0265845290557896,0.0265845290557896,-4.9837708233344046e-06,-4.9837708233344046e-06,-4.9837708233344046e-06,0.0265895128266129,0.0265895128266129,0.0265895128266129,0.0,0.0,0.0,10350328.297241746
2025-06-21,10094727.835263286,10283305.96920057,10457019.003900146,10094727.835263286,10094727.835263286,0.0,0.0,0.0,0.0,0.0,0.0,0.0,0.0,0.0,0.0,0.0,0.0,0.0,0.0,0.0,0.0,0.0,0.0,0.0,0.0,0.0,0.0,0.0,0.0,0.0,0.0,0.0,0.0,0.0,0.0,0.0,0.0,0.0,0.0274308748702456,0.0274308748702456,0.0274308748702456,0.0006527986307422,0.0006527986307422,0.0006527986307422,0.0267780762395034,0.0267780762395034,0.0267780762395034,0.0,0.0,0.0,10371635.05136158
2025-06-22,10107160.443691667,10301711.439982835,10474463.919341356,10107160.443691667,10107160.443691667,0.0,0.0,0.0,0.0,0.0,0.0,0.0,0.0,0.0,0.0,0.0,0.0,0.0,0.0,0.0,0.0,0.0,0.0,0.0,0.0,0.0,0.0,0.0,0.0,0.0,0.0,0.0,0.0,0.0,0.0,0.0,0.0,0.0,0.0282498290032304,0.0282498290032304,0.0282498290032304,0.0012943274964942,0.0012943274964942,0.0012943274964942,0.0269555015067361,0.0269555015067361,0.0269555015067361,0.0,0.0,0.0,10392685.997934174
2025-06-23,10119593.05212005,10290371.281213196,10471731.73717218,10119593.05212005,10119593.05212005,0.0,0.0,0.0,0.0,0.0,0.0,0.0,0.0,0.0,0.0,0.0,0.0,0.0,0.0,0.0,0.0,0.0,0.0,0.0,0.0,0.0,0.0,0.0,0.0,0.0,0.0,0.0,0.0,0.0,0.0,0.0,0.0,0.0,0.0264156661028561,0.0264156661028561,0.0264156661028561,-0.0006993391191654,-0.0006993391191654,-0.0006993391191654,0.0271150052220216,0.0271150052220216,0.0271150052220216,0.0,0.0,0.0,10386908.843281636
2025-06-24,10132025.660548434,10307421.928979153,10489219.981682366,10132025.660548434,10132025.660548434,0.0,0.0,0.0,0.0,0.0,0.0,0.0,0.0,0.0,0.0,0.0,0.0,0.0,0.0,0.0,0.0,0.0,0.0,0.0,0.0,0.0,0.0,0.0,0.0,0.0,0.0,0.0,0.0,0.0,0.0,0.0,0.0,0.0,0.0263163949838721,0.0263163949838721,0.0263163949838721,-0.000932882629802,-0.000932882629802,-0.000932882629802,0.0272492776136741,0.0272492776136741,0.0272492776136741,0.0,0.0,0.0,10398664.049818153
2025-06-25,10144458.268976817,10331843.971981555,10506841.124433972,10144458.268976817,10144458.268976817,0.0,0.0,0.0,0.0,0.0,0.0,0.0,0.0,0.0,0.0,0.0,0.0,0.0,0.0,0.0,0.0,0.0,0.0,0.0,0.0,0.0,0.0,0.0,0.0,0.0,0.0,0.0,0.0,0.0,0.0,0.0,0.0,0.0,0.0270743287961999,0.0270743287961999,0.0270743287961999,-0.0002763532964417,-0.0002763532964417,-0.0002763532964417,0.0273506820926416,0.0273506820926416,0.0273506820926416,0.0,0.0,0.0,10419112.667610424
2025-06-26,10156890.877405198,10344122.498782337,10522446.50097506,10156890.877405198,10156890.877405198,0.0,0.0,0.0,0.0,0.0,0.0,0.0,0.0,0.0,0.0,0.0,0.0,0.0,0.0,0.0,0.0,0.0,0.0,0.0,0.0,0.0,0.0,0.0,0.0,0.0,0.0,0.0,0.0,0.0,0.0,0.0,0.0,0.0,0.0273779000046256,0.0273779000046256,0.0273779000046256,-3.356731099954929e-05,-3.356731099954929e-05,-3.356731099954929e-05,0.0274114673156251,0.0274114673156251,0.0274114673156251,0.0,0.0,0.0,10434965.220204692
2025-06-27,10169323.485833582,10364119.16040678,10534233.5964681,10169323.485833582,10169323.485833582,0.0,0.0,0.0,0.0,0.0,0.0,0.0,0.0,0.0,0.0,0.0,0.0,0.0,0.0,0.0,0.0,0.0,0.0,0.0,0.0,0.0,0.0,0.0,0.0,0.0,0.0,0.0,0.0,0.0,0.0,0.0,0.0,0.0,0.027419001702927,0.027419001702927,0.027419001702927,-4.983770821205682e-06,-4.983770821205682e-06,-4.983770821205682e-06,0.0274239854737482,0.0274239854737482,0.0274239854737482,0.0,0.0,0.0,10448156.183809267
2025-06-28,10181756.09426196,10380874.114425365,10560288.267914835,10181756.09426196,10181756.09426196,0.0,0.0,0.0,0.0,0.0,0.0,0.0,0.0,0.0,0.0,0.0,0.0,0.0,0.0,0.0,0.0,0.0,0.0,0.0,0.0,0.0,0.0,0.0,0.0,0.0,0.0,0.0,0.0,0.0,0.0,0.0,0.0,0.0,0.0280337089719634,0.0280337089719634,0.0280337089719634,0.0006527986307437,0.0006527986307437,0.0006527986307437,0.0273809103412197,0.0273809103412197,0.0273809103412197,0.0,0.0,0.0,10467188.481432015
2025-06-29,10194188.702690342,10394535.483508116,10571984.109265678,10194188.702690342,10194188.702690342,0.0,0.0,0.0,0.0,0.0,0.0,0.0,0.0,0.0,0.0,0.0,0.0,0.0,0.0,0.0,0.0,0.0,0.0,0.0,0.0,0.0,0.0,0.0,0.0,0.0,0.0,0.0,0.0,0.0,0.0,0.0,0.0,0.0,0.0285697761296255,0.0285697761296255,0.0285697761296255,0.0012943274964934,0.0012943274964934,0.0012943274964934,0.027275448633132,0.027275448633132,0.027275448633132,0.0,0.0,0.0,10485434.391749363
2025-06-30,10206621.311118726,10386631.822232503,10571223.620394494,10206621.311118726,10206621.311118726,0.0,0.0,0.0,0.0,0.0,0.0,0.0,0.0,0.0,0.0,0.0,0.0,0.0,0.0,0.0,0.0,0.0,0.0,0.0,0.0,0.0,0.0,0.0,0.0,0.0,0.0,0.0,0.0,0.0,0.0,0.0,0.0,0.0,0.0264021993068057,0.0264021993068057,0.0264021993068057,-0.0006993391191665,-0.0006993391191665,-0.0006993391191665,0.0271015384259722,0.0271015384259722,0.0271015384259722,0.0,0.0,0.0,10476098.561223973
2025-07-01,10219053.919547107,10380903.103603745,10565593.96806488,10219053.919547107,10219053.919547107,0.0,0.0,0.0,0.0,0.0,0.0,0.0,0.0,0.0,0.0,0.0,0.0,0.0,0.0,0.0,0.0,0.0,0.0,0.0,0.0,0.0,0.0,0.0,0.0,0.0,0.0,0.0,0.0,0.0,0.0,0.0,0.0,0.0,0.0259211461525519,0.0259211461525519,0.0259211461525519,-0.0009328826298026,-0.0009328826298026,-0.0009328826298026,0.0268540287823545,0.0268540287823545,0.0268540287823545,0.0,0.0,0.0,10483943.5097365
2025-07-02,10231486.52797549,10411941.98596665,10586627.05741438,10231486.52797549,10231486.52797549,0.0,0.0,0.0,0.0,0.0,0.0,0.0,0.0,0.0,0.0,0.0,0.0,0.0,0.0,0.0,0.0,0.0,0.0,0.0,0.0,0.0,0.0,0.0,0.0,0.0,0.0,0.0,0.0,0.0,0.0,0.0,0.0,0.0,0.0262524819845517,0.0262524819845517,0.0262524819845517,-0.0002763532964423,-0.0002763532964423,-0.0002763532964423,0.026528835280994,0.026528835280994,0.026528835280994,0.0,0.0,0.0,10500088.443726351
2025-07-03,10243919.136403874,10423197.31735465,10597123.594788246,10243919.136403874,10243919.136403874,0.0,0.0,0.0,0.0,0.0,0.0,0.0,0.0,0.0,0.0,0.0,0.0,0.0,0.0,0.0,0.0,0.0,0.0,0.0,0.0,0.0,0.0,0.0,0.0,0.0,0.0,0.0,0.0,0.0,0.0,0.0,0.0,0.0,0.0260894995563578,0.0260894995563578,0.0260894995563578,-3.356731100189942e-05,-3.356731100189942e-05,-3.356731100189942e-05,0.0261230668673597,0.0261230668673597,0.0261230668673597,0.0,0.0,0.0,10511177.860168448
2025-07-04,10256351.744832257,10428203.776179014,10601083.65790303,10256351.744832257,10256351.744832257,0.0,0.0,0.0,0.0,0.0,0.0,0.0,0.0,0.0,0.0,0.0,0.0,0.0,0.0,0.0,0.0,0.0,0.0,0.0,0.0,0.0,0.0,0.0,0.0,0.0,0.0,0.0,0.0,0.0,0.0,0.0,0.0,0.0,0.0256301365175879,0.0256301365175879,0.0256301365175879,-4.983770821997665e-06,-4.983770821997665e-06,-4.983770821997665e-06,0.0256351202884099,0.0256351202884099,0.0256351202884099,0.0,0.0,0.0,10519223.440224707
2025-07-05,10268784.353260638,10439034.015319046,10624118.651272705,10268784.353260638,10268784.353260638,0.0,0.0,0.0,0.0,0.0,0.0,0.0,0.0,0.0,0.0,0.0,0.0,0.0,0.0,0.0,0.0,0.0,0.0,0.0,0.0,0.0,0.0,0.0,0.0,0.0,0.0,0.0,0.0,0.0,0.0,0.0,0.0,0.0,0.0257175379619516,0.0257175379619516,0.0257175379619516,0.0006527986307443,0.0006527986307443,0.0006527986307443,0.0250647393312073,0.0250647393312073,0.0250647393312073,0.0,0.0,0.0,10532872.204688711
2025-07-06,10281216.961689018,10461399.860667702,10630321.687548766,10281216.961689018,10281216.961689018,0.0,0.0,0.0,0.0,0.0,0.0,0.0,0.0,0.0,0.0,0.0,0.0,0.0,0.0,0.0,0.0,0.0,0.0,0.0,0.0,0.0,0.0,0.0,0.0,0.0,0.0,0.0,0.0,0.0,0.0,0.0,0.0,0.0,0.0257073646181131,0.0257073646181131,0.0257073646181131,0.001294327496493,0.001294327496493,0.001294327496493,0.02441303712162,0.02441303712162,0.02441303712162,0.0,0.0,0.0,10545519.954841089
2025-07-07,10293649.5701174,10445976.316647584,10619798.74926429,10293649.5701174,10293649.5701174,0.0,0.0,0.0,0.0,0.0,0.0,0.0,0.0,0.0,0.0,0.0,0.0,0.0,0.0,0.0,0.0,0.0,0.0,0.0,0.0,0.0,0.0,0.0,0.0,0.0,0.0,0.0,0.0,0.0,0.0,0.0,0.0,0.0,0.0229831417061219,0.0229831417061219,0.0229831417061219,-0.0006993391191675,-0.0006993391191675,-0.0006993391191675,0.0236824808252895,0.0236824808252895,0.0236824808252895,0.0,0.0,0.0,10530229.97686057
2025-07-08,10306082.178545782,10446403.235522471,10618316.181975285,10306082.178545782,10306082.178545782,0.0,0.0,0.0,0.0,0.0,0.0,0.0,0.0,0.0,0.0,0.0,0.0,0.0,0.0,0.0,0.0,0.0,0.0,0.0,0.0,0.0,0.0,0.0,0.0,0.0,0.0,0.0,0.0,0.0,0.0,0.0,0.0,0.0,0.0219439565665511,0.0219439565665511,0.0219439565665511,-0.0009328826298037,-0.0009328826298037,-0.0009328826298037,0.0228768391963548,0.0228768391963548,0.0228768391963548,0.0,0.0,0.0,10532238.398243098
2025-07-09,10318514.786974166,10463387.479111778,10630026.924221514,10318514.786974166,10318514.786974166,0.0,0.0,0.0,0.0,0.0,0.0,0.0,0.0,0.0,0.0,0.0,0.0,0.0,0.0,0.0,0.0,0.0,0.0,0.0,0.0,0.0,0.0,0.0,0.0,0.0,0.0,0.0,0.0,0.0,0.0,0.0,0.0,0.0,0.0217247412112947,0.0217247412112947,0.0217247412112947,-0.0002763532964429,-0.0002763532964429,-0.0002763532964429,0.0220010945077377,0.0220010945077377,0.0220010945077377,0.0,0.0,0.0,10542681.850406095
2025-07-10,10330947.395402549,10461958.83257252,10631562.376127088,10330947.395402549,10330947.395402549,0.0,0.0,0.0,0.0,0.0,0.0,0.0,0.0,0.0,0.0,0.0,0.0,0.0,0.0,0.0,0.0,0.0,0.0,0.0,0.0,0.0,0.0,0.0,0.0,0.0,0.0,0.0,0.0,0.0,0.0,0.0,0.0,0.0,0.0210277541270824,0.0210277541270824,0.0210277541270824,-3.3567311000833226e-05,-3.3567311000833226e-05,-3.3567311000833226e-05,0.0210613214380833,0.0210613214380833,0.0210613214380833,0.0,0.0,0.0,10548184.017132897
2025-07-11,10343380.00383093,10459712.893641328,10635267.13293621,10343380.00383093,10343380.00383093,0.0,0.0,0.0,0.0,0.0,0.0,0.0,0.0,0.0,0.0,0.0,0.0,0.0,0.0,0.0,0.0,0.0,0.0,0.0,0.0,0.0,0.0,0.0,0.0,0.0,0.0,0.0,0.0,0.0,0.0,0.0,0.0,0.0,0.0200595526831467,0.0200595526831467,0.0200595526831467,-4.983770821329498e-06,-4.983770821329498e-06,-4.983770821329498e-06,0.020064536453968,0.020064536453968,0.020064536453968,0.0,0.0,0.0,10550863.57993958
2025-07-12,10355812.612259312,10471405.39425718,10645438.736272017,10355812.612259312,10355812.612259312,0.0,0.0,0.0,0.0,0.0,0.0,0.0,0.0,0.0,0.0,0.0,0.0,0.0,0.0,0.0,0.0,0.0,0.0,0.0,0.0,0.0,0.0,0.0,0.0,0.0,0.0,0.0,0.0,0.0,0.0,0.0,0.0,0.0,0.0196713207147016,0.0196713207147016,0.0196713207147016,0.0006527986307414,0.0006527986307414,0.0006527986307414,0.0190185220839601,0.0190185220839601,0.0190185220839601,0.0,0.0,0.0,10559525.123416416
2025-07-13,10368245.220687697,10476217.676697874,10657925.823895782,10368245.220687697,10368245.220687697,0.0,0.0,0.0,0.0,0.0,0.0,0.0,0.0,0.0,0.0,0.0,0.0,0.0,0.0,0.0,0.0,0.0,0.0,0.0,0.0,0.0,0.0,0.0,0.0,0.0,0.0,0.0,0.0,0.0,0.0,0.0,0.0,0.0,0.0192259587041912,0.0192259587041912,0.0192259587041912,0.0012943274964958,0.0012943274964958,0.0012943274964958,0.0179316312076954,0.0179316312076954,0.0179316312076954,0.0,0.0,0.0,10567584.675135564
2025-07-14,10380677.829116078,10461277.700426787,10638747.64549688,10380677.829116078,10380677.829116078,0.0,0.0,0.0,0.0,0.0,0.0,0.0,0.0,0.0,0.0,0.0,0.0,0.0,0.0,0.0,0.0,0.0,0.0,0.0,0.0,0.0,0.0,0.0,0.0,0.0,0.0,0.0,0.0,0.0,0.0,0.0,0.0,0.0,0.0161132379388269,0.0161132379388269,0.0161132379388269,-0.0006993391191685,-0.0006993391191685,-0.0006993391191685,0.0168125770579954,0.0168125770579954,0.0168125770579954,0.0,0.0,0.0,10547944.16094293
2025-07-15,10393110.437544458,10456286.820773097,10630814.098563004,10393110.437544458,10393110.437544458,0.0,0.0,0.0,0.0,0.0,0.0,0.0,0.0,0.0,0.0,0.0,0.0,0.0,0.0,0.0,0.0,0.0,0.0,0.0,0.0,0.0,0.0,0.0,0.0,0.0,0.0,0.0,0.0,0.0,0.0,0.0,0.0,0.0,0.014737332409936,0.014737332409936,0.014737332409936,-0.0009328826298024,-0.0009328826298024,-0.0009328826298024,0.0156702150397385,0.0156702150397385,0.0156702150397385,0.0,0.0,0.0,10546277.160835726
2025-07-16,10405543.04597284,10462625.080587717,10636479.122207062,10405543.04597284,10405543.04597284,0.0,0.0,0.0,0.0,0.0,0.0,0.0,0.0,0.0,0.0,0.0,0.0,0.0,0.0,0.0,0.0,0.0,0.0,0.0,0.0,0.0,0.0,0.0,0.0,0.0,0.0,0.0,0.0,0.0,0.0,0.0,0.0,0.0,0.0142369693979868,0.0142369693979868,0.0142369693979868,-0.0002763532964419,-0.0002763532964419,-0.0002763532964419,0.0145133226944288,0.0145133226944288,0.0145133226944288,0.0,0.0,0.0,10553686.44388779
2025-07-17,10417975.654401222,10468510.376695266,10647374.836552572,10417975.654401222,10417975.654401222,0.0,0.0,0.0,0.0,0.0,0.0,0.0,0.0,0.0,0.0,0.0,0.0,0.0,0.0,0.0,0.0,0.0,0.0,0.0,0.0,0.0,0.0,0.0,0.0,0.0,0.0,0.0,0.0,0.0,0.0,0.0,0.0,0.0,0.0133168168667427,0.0133168168667427,0.0133168168667427,-3.356731100008114e-05,-3.356731100008114e-05,-3.356731100008114e-05,0.0133503841777427,0.0133503841777427,0.0133503841777427,0.0,0.0,0.0,10556709.928313067
2025-07-18,10430408.262829604,10468767.85575004,10648898.653166931,10430408.262829604,10430408.262829604,0.0,0.0,0.0,0.0,0.0,0.0,0.0,0.0,0.0,0.0,0.0,0.0,0.0,0.0,0.0,0.0,0.0,0.0,0.0,0.0,0.0,0.0,0.0,0.0,0.0,0.0,0.0,0.0,0.0,0.0,0.0,0.0,0.0,0.0121844016968427,0.0121844016968427,0.0121844016968427,-4.983770820661223e-06,-4.983770820661223e-06,-4.983770820661223e-06,0.0121893854676633,0.0121893854676633,0.0121893854676633,0.0,0.0,0.0,10557496.546965986
2025-07-19,10442840.871257989,10476309.283034604,10651971.077511145,10442629.95866491,10443133.292883497,0.0,0.0,0.0,0.0,0.0,0.0,0.0,0.0,0.0,0.0,0.0,0.0,0.0,0.0,0.0,0.0,0.0,0.0,0.0,0.0,0.0,0.0,0.0,0.0,0.0,0.0,0.0,0.0,0.0,0.0,0.0,0.0,0.0,0.011690424819008,0.011690424819008,0.011690424819008,0.000652798630741,0.000652798630741,0.000652798630741,0.0110376261882669,0.0110376261882669,0.0110376261882669,0.0,0.0,0.0,10564922.117360292
2025-07-20,10455273.47968637,10488066.359586433,10657865.556692597,10454818.33105281,10455841.735497218,0.0,0.0,0.0,0.0,0.0,0.0,0.0,0.0,0.0,0.0,0.0,0.0,0.0,0.0,0.0,0.0,0.0,0.0,0.0,0.0,0.0,0.0,0.0,0.0,0.0,0.0,0.0,0.0,0.0,0.0,0.0,0.0,0.0,0.0111958809246989,0.0111958809246989,0.0111958809246989,0.0012943274964954,0.0012943274964954,0.0012943274964954,0.0099015534282034,0.0099015534282034,0.0099015534282034,0.0,0.0,0.0,10572329.476600103
2025-07-21,10467706.088114752,10457940.864607437,10639396.700873248,10466743.355491543,10468767.912820635,0.0,0.0,0.0,0.0,0.0,0.0,0.0,0.0,0.0,0.0,0.0,0.0,0.0,0.0,0.0,0.0,0.0,0.0,0.0,0.0,0.0,0.0,0.0,0.0,0.0,0.0,0.0,0.0,0.0,0.0,0.0,0.0,0.0,0.0080872831501744,0.0080872831501744,0.0080872831501744,-0.0006993391191701,-0.0006993391191701,-0.0006993391191701,0.0087866222693446,0.0087866222693446,0.0087866222693446,0.0,0.0,0.0,10552361.39118214
2025-07-22,10480138.696543137,10462364.523189526,10639959.69616599,10478392.967903033,10481533.338530963,0.0,0.0,0.0,0.0,0.0,0.0,0.0,0.0,0.0,0.0,0.0,0.0,0.0,0.0,0.0,0.0,0.0,0.0,0.0,0.0,0.0,0.0,0.0,0.0,0.0,0.0,0.0,0.0,0.0,0.0,0.0,0.0,0.0,0.0067643043092029,0.0067643043092029,0.0067643043092029,-0.0009328826298024,-0.0009328826298024,-0.0009328826298024,0.0076971869390053,0.0076971869390053,0.0076971869390053,0.0,0.0,0.0,10551029.543889206
2025-07-23,10492571.304971514,10468231.204620874,10648463.21162417,10490046.625871208,10494257.055076815,0.0,0.0,0.0,0.0,0.0,0.0,0.0,0.0,0.0,0.0,0.0,0.0,0.0,0.0,0.0,0.0,0.0,0.0,0.0,0.0,0.0,0.0,0.0,0.0,0.0,0.0,0.0,0.0,0.0,0.0,0.0,0.0,0.0,0.0063600722864994,0.0063600722864994,0.0063600722864994,-0.000276353296446,-0.000276353296446,-0.000276353296446,0.0066364255829454,0.0066364255829454,0.0066364255829454,0.0,0.0,0.0,10559304.816942384
2025-07-24,10505003.913399898,10470690.792734567,10653133.635737702,10501614.832477154,10507346.636320634,0.0,0.0,0.0,0.0,0.0,0.0,0.0,0.0,0.0,0.0,0.0,0.0,0.0,0.0,0.0,0.0,0.0,0.0,0.0,0.0,0.0,0.0,0.0,0.0,0.0,0.0,0.0,0.0,0.0,0.0,0.0,0.0,0.0,0.0055727333419523,0.0055727333419523,0.0055727333419523,-3.3567310999014944e-05,-3.3567310999014944e-05,-3.3567310999014944e-05,0.0056063006529513,0.0056063006529513,0.0056063006529513,0.0,0.0,0.0,10563545.498965442
2025-07-25,10517436.52182828,10479005.022936964,10655914.890373884,10513506.242898112,10520206.234050738,0.0,0.0,0.0,0.0,0.0,0.0,0.0,0.0,0.0,0.0,0.0,0.0,0.0,0.0,0.0,0.0,0.0,0.0,0.0,0.0,0.0,0.0,0.0,0.0,0.0,0.0,0.0,0.0,0.0,0.0,0.0,0.0,0.0,0.0046025720712209,0.0046025720712209,0.0046025720712209,-4.9837708199928935e-06,-4.9837708199928935e-06,-4.9837708199928935e-06,0.0046075558420409,0.0046075558420409,0.0046075558420409,0.0,0.0,0.0,10565843.781424483
2025-07-26,10529869.130256662,10482938.671688745,10664360.849474257,10524936.19135402,10533400.829670548,0.0,0.0,0.0,0.0,0.0,0.0,0.0,0.0,0.0,0.0,0.0,0.0,0.0,0.0,0.0,0.0,0.0,0.0,0.0,0.0,0.0,0.0,0.0,0.0,0.0,0.0,0.0,0.0,0.0,0.0,0.0,0.0,0.0,0.0042925480443744,0.0042925480443744,0.0042925480443744,0.0006527986307426,0.0006527986307426,0.0006527986307426,0.0036397494136318,0.0036397494136318,0.0036397494136318,0.0,0.0,0.0,10575069.099399265
2025-07-27,10542301.738685044,10495837.624834748,10672645.463075548,10536095.962064808,10546393.56491064,0.0,0.0,0.0,0.0,0.0,0.0,0.0,0.0,0.0,0.0,0.0,0.0,0.0,0.0,0.0,0.0,0.0,0.0,0.0,0.0,0.0,0.0,0.0,0.0,0.0,0.0,0.0,0.0,0.0,0.0,0.0,0.0,0.0,0.0039956501868706,0.0039956501868706,0.0039956501868706,0.0012943274964946,0.0012943274964946,0.0012943274964946,0.002701322690376,0.002701322690376,0.002701322690376,0.0,0.0,0.0,10584425.088597268
2025-07-28,10554734.347113429,10479126.889083749,10659513.70274444,10547463.629190182,10559650.34019585,0.0,0.0,0.0,0.0,0.0,0.0,0.0,0.0,0.0,0.0,0.0,0.0,0.0,0.0,0.0,0.0,0.0,0.0,0.0,0.0,0.0,0.0,0.0,0.0,0.0,0.0,0.0,0.0,0.0,0.0,0.0,0.0,0.0,0.0010903623069435,0.0010903623069435,0.0010903623069435,-0.0006993391191648,-0.0006993391191648,-0.0006993391191648,0.0017897014261083,0.0017897014261083,0.0017897014261083,0.0,0.0,0.0,10566242.831605325
2025-07-29,10567166.955541808,10478137.557157105,10660341.522573046,10558865.203782417,10573051.865424557,0.0,0.0,0.0,0.0,0.0,0.0,0.0,0.0,0.0,0.0,0.0,0.0,0.0,0.0,0.0,0.0,0.0,0.0,0.0,0.0,0.0,0.0,0.0,0.0,0.0,0.0,0.0,0.0,0.0,0.0,0.0,0.0,0.0,-3.14558189682337e-05,-3.14558189682337e-05,-3.14558189682337e-05,-0.0009328826298023,-0.0009328826298023,-0.0009328826298023,0.0009014268108341,0.0009014268108341,0.0009014268108341,0.0,0.0,0.0,10566834.556651048
2025-07-30,10579599.563970191,10486896.653259184,10668511.134408507,10570330.175738825,10586031.292063195,0.0,0.0,0.0,0.0,0.0,0.0,0.0,0.0,0.0,0.0,0.0,0.0,0.0,0.0,0.0,0.0,0.0,0.0,0.0,0.0,0.0,0.0,0.0,0.0,0.0,0.0,0.0,0.0,0.0,0.0,0.0,0.0,0.0,-0.0002440413133946,-0.0002440413133946,-0.0002440413133946,-0.0002763532964417,-0.0002763532964417,-0.0002763532964417,3.231198304709515e-05,3.231198304709515e-05,3.231198304709515e-05,0.0,0.0,0.0,10577017.70459741
2025-07-31,10592032.172398573,10497786.18150607,10673670.170620408,10581814.821055433,10599160.320219764,0.0,0.0,0.0,0.0,0.0,0.0,0.0,0.0,0.0,0.0,0.0,0.0,0.0,0.0,0.0,0.0,0.0,0.0,0.0,0.0,0.0,0.0,0.0,0.0,0.0,0.0,0.0,0.0,0.0,0.0,0.0,0.0,0.0,-0.0008559481394453,-0.0008559481394453,-0.0008559481394453,-3.356731100136508e-05,-3.356731100136508e-05,-3.356731100136508e-05,-0.0008223808284439,-0.0008223808284439,-0.0008223808284439,0.0,0.0,0.0,10582965.942167664
2025-08-01,10604464.780826954,10498027.941916922,10675134.858494392,10593285.539436905,10612428.54197804,0.0,0.0,0.0,0.0,0.0,0.0,0.0,0.0,0.0,0.0,0.0,0.0,0.0,0.0,0.0,0.0,0.0,0.0,0.0,0.0,0.0,0.0,0.0,0.0,0.0,0.0,0.0,0.0,0.0,0.0,0.0,0.0,0.0,-0.0016727317880264,-0.0016727317880264,-0.0016727317880264,-4.983770820785066e-06,-4.983770820785066e-06,-4.983770820785066e-06,-0.0016677480172056,-0.0016677480172056,-0.0016677480172056,0.0,0.0,0.0,10586726.355493058
2025-08-02,10616897.389255336,10510603.991366602,10687760.027984142,10605299.743558371,10625624.356153456,0.0,0.0,0.0,0.0,0.0,0.0,0.0,0.0,0.0,0.0,0.0,0.0,0.0,0.0,0.0,0.0,0.0,0.0,0.0,0.0,0.0,0.0,0.0,0.0,0.0,0.0,0.0,0.0,0.0,0.0,0.0,0.0,0.0,-0.0018562444623428,-0.0018562444623428,-0.0018562444623428,0.0006527986307431,0.0006527986307431,0.0006527986307431,-0.002509043093086,-0.002509043093086,-0.002509043093086,0.0,0.0,0.0,10597189.832269268
2025-08-03,10629329.99768372,10510233.87761091,10700760.048701558,10616886.87604466,10638449.800809655,0.0,0.0,0.0,0.0,0.0,0.0,0.0,0.0,0.0,0.0,0.0,0.0,0.0,0.0,0.0,0.0,0.0,0.0,0.0,0.0,0.0,0.0,0.0,0.0,0.0,0.0,0.0,0.0,0.0,0.0,0.0,0.0,0.0,-0.0020571446531919,-0.0020571446531919,-0.0020571446531919,0.0012943274964938,0.0012943274964938,0.0012943274964938,-0.0033514721496858,-0.0033514721496858,-0.0033514721496858,0.0,0.0,0.0,10607463.92831197
2025-08-04,10641762.6061121,10499701.593060937,10678978.356032869,10628195.985429447,10651480.1015367,0.0,0.0,0.0,0.0,0.0,0.0,0.0,0.0,0.0,0.0,0.0,0.0,0.0,0.0,0.0,0.0,0.0,0.0,0.0,0.0,0.0,0.0,0.0,0.0,0.0,0.0,0.0,0.0,0.0,0.0,0.0,0.0,0.0,-0.0048993316981503,-0.0048993316981503,-0.0048993316981503,-0.0006993391191664,-0.0006993391191664,-0.0006993391191664,-0.0041999925789838,-0.0041999925789838,-0.0041999925789838,0.0,0.0,0.0,10589625.081251783
2025-08-05,10654195.214540483,10501371.897137826,10682197.202835117,10639275.348094797,10664644.419197874,0.0,0.0,0.0,0.0,0.0,0.0,0.0,0.0,0.0,0.0,0.0,0.0,0.0,0.0,0.0,0.0,0.0,0.0,0.0,0.0,0.0,0.0,0.0,0.0,0.0,0.0,0.0,0.0,0.0,0.0,0.0,0.0,0.0,-0.0059920038306728,-0.0059920038306728,-0.0059920038306728,-0.0009328826298023,-0.0009328826298023,-0.0009328826298023,-0.0050591212008705,-0.0050591212008705,-0.0050591212008705,0.0,0.0,0.0,10590355.23600222
2025-08-06,10666627.822968865,10510823.22609088,10692860.49793307,10650800.169823367,10677864.126271164,0.0,0.0,0.0,0.0,0.0,0.0,0.0,0.0,0.0,0.0,0.0,0.0,0.0,0.0,0.0,0.0,0.0,0.0,0.0,0.0,0.0,0.0,0.0,0.0,0.0,0.0,0.0,0.0,0.0,0.0,0.0,0.0,0.0,-0.006209110982031,-0.006209110982031,-0.006209110982031,-0.0002763532964424,-0.0002763532964424,-0.0002763532964424,-0.0059327576855886,-0.0059327576855886,-0.0059327576855886,0.0,0.0,0.0,10600397.547012031
2025-08-07,10679060.431397248,10514530.702354137,10699695.469764754,10662404.41634767,10691807.785793817,0.0,0.0,0.0,0.0,0.0,0.0,0.0,0.0,0.0,0.0,0.0,0.0,0.0,0.0,0.0,0.0,0.0,0.0,0.0,0.0,0.0,0.0,0.0,0.0,0.0,0.0,0.0,0.0,0.0,0.0,0.0,0.0,0.0,-0.0068575959931452,-0.0068575959931452,-0.0068575959931452,-3.356731100029889e-05,-3.356731100029889e-05,-3.356731100029889e-05,-0.0068240286821449,-0.0068240286821449,-0.0068240286821449,0.0,0.0,0.0,10605827.749372344
2025-08-08,10691493.039825631,10520647.377564533,10706632.956329713,10673608.45775472,10705275.375212545,0.0,0.0,0.0,0.0,0.0,0.0,0.0,0.0,0.0,0.0,0.0,0.0,0.0,0.0,0.0,0.0,0.0,0.0,0.0,0.0,0.0,0.0,0.0,0.0,0.0,0.0,0.0,0.0,0.0,0.0,0.0,0.0,0.0,-0.0077401412099177,-0.0077401412099177,-0.0077401412099177,-4.983770821966385e-06,-4.983770821966385e-06,-4.983770821966385e-06,-0.0077351574390957,-0.0077351574390957,-0.0077351574390957,0.0,0.0,0.0,10608739.373952528
2025-08-09,10703925.648254013,10520488.09569701,10709504.358530536,10684876.014823005,10718474.20275066,0.0,0.0,0.0,0.0,0.0,0.0,0.0,0.0,0.0,0.0,0.0,0.0,0.0,0.0,0.0,0.0,0.0,0.0,0.0,0.0,0.0,0.0,0.0,0.0,0.0,0.0,0.0,0.0,0.0,0.0,0.0,0.0,0.0,-0.0080145643039137,-0.0080145643039137,-0.0080145643039137,0.0006527986307437,0.0006527986307437,0.0006527986307437,-0.0086673629346575,-0.0086673629346575,-0.0086673629346575,0.0,0.0,0.0,10618138.34784177
2025-08-10,10716358.256682392,10528618.190485792,10715194.40674666,10695501.78599632,10732009.264296826,0.0,0.0,0.0,0.0,0.0,0.0,0.0,0.0,0.0,0.0,0.0,0.0,0.0,0.0,0.0,0.0,0.0,0.0,0.0,0.0,0.0,0.0,0.0,0.0,0.0,0.0,0.0,0.0,0.0,0.0,0.0,0.0,0.0,-0.0083264641465572,-0.0083264641465572,-0.0083264641465572,0.0012943274964934,0.0012943274964934,0.0012943274964934,-0.0096207916430506,-0.0096207916430506,-0.0096207916430506,0.0,0.0,0.0,10627128.883876463
2025-08-11,10728790.865110775,10512770.086894589,10693381.721489646,10707995.827643296,10745188.317222226,0.0,0.0,0.0,0.0,0.0,0.0,0.0,0.0,0.0,0.0,0.0,0.0,0.0,0.0,0.0,0.0,0.0,0.0,0.0,0.0,0.0,0.0,0.0,0.0,0.0,0.0,0.0,0.0,0.0,0.0,0.0,0.0,0.0,-0.0112938231994054,-0.0112938231994054,-0.0112938231994054,-0.0006993391191668,-0.0006993391191668,-0.0006993391191668,-0.0105944840802385,-0.0105944840802385,-0.0105944840802385,0.0,0.0,0.0,10607621.797936818
2025-08-12,10741223.47353916,10504733.805660227,10693302.716886992,10719335.09325806,10758284.748696605,0.0,0.0,0.0,0.0,0.0,0.0,0.0,0.0,0.0,0.0,0.0,0.0,0.0,0.0,0.0,0.0,0.0,0.0,0.0,0.0,0.0,0.0,0.0,0.0,0.0,0.0,0.0,0.0,0.0,0.0,0.0,0.0,0.0,-0.0125192598532347,-0.0125192598532347,-0.0125192598532347,-0.000932882629801,-0.000932882629801,-0.000932882629801,-0.0115863772234336,-0.0115863772234336,-0.0115863772234336,0.0,0.0,0.0,10606751.305732258
2025-08-13,10753656.08196754,10517136.696409186,10708995.15516464,10730731.586135425,10770978.338568248,0.0,0.0,0.0,0.0,0.0,0.0,0.0,0.0,0.0,0.0,0.0,0.0,0.0,0.0,0.0,0.0,0.0,0.0,0.0,0.0,0.0,0.0,0.0,0.0,0.0,0.0,0.0,0.0,0.0,0.0,0.0,0.0,0.0,-0.0128696961126211,-0.0128696961126211,-0.0128696961126211,-0.0002763532964448,-0.0002763532964448,-0.0002763532964448,-0.0125933428161762,-0.0125933428161762,-0.0125933428161762,0.0,0.0,0.0,10615259.796092978
2025-08-14,10766088.690395923,10518413.081304384,10714302.101193206,10742036.134647118,10784738.668926936,0.0,0.0,0.0,0.0,0.0,0.0,0.0,0.0,0.0,0.0,0.0,0.0,0.0,0.0,0.0,0.0,0.0,0.0,0.0,0.0,0.0,0.0,0.0,0.0,0.0,0.0,0.0,0.0,0.0,0.0,0.0,0.0,0.0,-0.0136448277974228,-0.0136448277974228,-0.0136448277974228,-3.356731099923269e-05,-3.356731099923269e-05,-3.356731099923269e-05,-0.0136112604864235,-0.0136112604864235,-0.0136112604864235,0.0,0.0,0.0,10619187.26416369
2025-08-15,10778521.298824305,10479382.207092732,10666126.131175168,10752629.017969154,10798560.78678922,0.0,0.0,0.0,-0.0044775376,-0.0044775376,-0.0044775376,0.0,0.0,0.0,0.0,0.0,0.0,0.0,0.0,0.0,0.0,0.0,0.0,0.0,0.0,0.0,0.0,0.0,0.0,0.0,0.0,0.0,0.0,0.0,0.0,-0.0044775376,-0.0044775376,-0.0044775376,-0.0191176449218119,-0.0191176449218119,-0.0191176449218119,-4.983770822758476e-06,-4.983770822758476e-06,-4.983770822758476e-06,-0.0146351235509892,-0.0146351235509892,-0.0146351235509892,0.0,0.0,0.0,10572461.355851194
2025-08-16,10790953.907252688,10532713.680407329,10724819.592503082,10764327.895911878,10812563.941640202,0.0,0.0,0.0,0.0,0.0,0.0,0.0,0.0,0.0,0.0,0.0,0.0,0.0,0.0,0.0,0.0,0.0,0.0,0.0,0.0,0.0,0.0,0.0,0.0,0.0,0.0,0.0,0.0,0.0,0.0,0.0,0.0,0.0,-0.0150063757565923,-0.0150063757565923,-0.0150063757565923,0.0006527986307399,0.0006527986307399,0.0006527986307399,-0.0156591743873323,-0.0156591743873323,-0.0156591743873323,0.0,0.0,0.0,10629020.798148386
2025-08-17,10803386.51568107,10535755.801987628,10728333.674189154,10775643.116795652,10826877.000933005,0.0,0.0,0.0,0.0,0.0,0.0,0.0,0.0,0.0,0.0,0.0,0.0,0.0,0.0,0.0,0.0,0.0,0.0,0.0,0.0,0.0,0.0,0.0,0.0,0.0,0.0,0.0,0.0,0.0,0.0,0.0,0.0,0.0,-0.0153827378557032,-0.0153827378557032,-0.0153827378557032,0.0012943274964926,0.0012943274964926,0.0012943274964926,-0.0166770653521958,-0.0166770653521958,-0.0166770653521958,0.0,0.0,0.0,10637200.85295651
2025-08-18,10815819.12410945,10531351.539650785,10711777.5024437,10786247.272327278,10840786.969433049,0.0,0.0,0.0,0.0,0.0,0.0,0.0,0.0,0.0,0.0,0.0,0.0,0.0,0.0,0.0,0.0,0.0,0.0,0.0,0.0,0.0,0.0,0.0,0.0,0.0,0.0,0.0,0.0,0.0,0.0,0.0,0.0,0.0,-0.018381379562334,-0.018381379562334,-0.018381379562334,-0.0006993391191684,-0.0006993391191684,-0.0006993391191684,-0.0176820404431655,-0.0176820404431655,-0.0176820404431655,0.0,0.0,0.0,10617009.447511643
2025-08-19,10828251.732537832,10518096.699817847,10714802.424348604,10797913.34383826,10854661.24414137,0.0,0.0,0.0,0.0,0.0,0.0,0.0,0.0,0.0,0.0,0.0,0.0,0.0,0.0,0.0,0.0,0.0,0.0,0.0,0.0,0.0,0.0,0.0,0.0,0.0,0.0,0.0,0.0,0.0,0.0,0.0,0.0,0.0,-0.0196000148867366,-0.0196000148867366,-0.0196000148867366,-0.0009328826298028,-0.0009328826298028,-0.0009328826298028,-0.0186671322569337,-0.0186671322569337,-0.0186671322569337,0.0,0.0,0.0,10616017.83738276
2025-08-20,10840684.340966215,10530238.683320088,10713888.27676729,10808778.824004907,10868664.131967155,0.0,0.0,0.0,0.0,0.0,0.0,0.0,0.0,0.0,0.0,0.0,0.0,0.0,0.0,0.0,0.0,0.0,0.0,0.0,0.0,0.0,0.0,0.0,0.0,0.0,0.0,0.0,0.0,0.0,0.0,0.0,0.0,0.0,-0.0199017216127723,-0.0199017216127723,-0.0199017216127723,-0.0002763532964454,-0.0002763532964454,-0.0002763532964454,-0.0196253683163268,-0.0196253683163268,-0.0196253683163268,0.0,0.0,0.0,10624936.059120364
2025-08-21,10853116.949394597,10531450.899566583,10728324.75005146,10819756.15139262,10882880.944932248,0.0,0.0,0.0,0.0,0.0,0.0,0.0,0.0,0.0,0.0,0.0,0.0,0.0,0.0,0.0,0.0,0.0,0.0,0.0,0.0,0.0,0.0,0.0,0.0,0.0,0.0,0.0,0.0,0.0,0.0,0.0,0.0,0.0,-0.0205835478423777,-0.0205835478423777,-0.0205835478423777,-3.356731100158283e-05,-3.356731100158283e-05,-3.356731100158283e-05,-0.0205499805313761,-0.0205499805313761,-0.0205499805313761,0.0,0.0,0.0,10629721.29742781
2025-08-22,10865549.55782298,10540131.566881357,10732870.77260533,10830816.164536178,10896754.182571655,0.0,0.0,0.0,0.0,0.0,0.0,0.0,0.0,0.0,0.0,0.0,0.0,0.0,0.0,0.0,0.0,0.0,0.0,0.0,0.0,0.0,0.0,0.0,0.0,0.0,0.0,0.0,0.0,0.0,0.0,0.0,0.0,0.0,-0.0214395952082013,-0.0214395952082013,-0.0214395952082013,-4.983770820629754e-06,-4.983770820629754e-06,-4.983770820629754e-06,-0.0214346114373806,-0.0214346114373806,-0.0214346114373806,0.0,0.0,0.0,10632596.573588604
2025-08-23,10877982.16625136,10540337.02381942,10737420.328857131,10841966.733305996,10910582.582279658,0.0,0.0,0.0,0.0,0.0,0.0,0.0,0.0,0.0,0.0,0.0,0.0,0.0,0.0,0.0,0.0,0.0,0.0,0.0,0.0,0.0,0.0,0.0,0.0,0.0,0.0,0.0,0.0,0.0,0.0,0.0,0.0,0.0,-0.0216207122883064,-0.0216207122883064,-0.0216207122883064,0.0006527986307405,0.0006527986307405,0.0006527986307405,-0.022273510919047,-0.022273510919047,-0.022273510919047,0.0,0.0,0.0,10642792.443557512
2025-08-24,10890414.774679745,10545911.365129424,10753733.361752428,10852746.277116409,10924198.823101452,0.0,0.0,0.0,0.0,0.0,0.0,0.0,0.0,0.0,0.0,0.0,0.0,0.0,0.0,0.0,0.0,0.0,0.0,0.0,0.0,0.0,0.0,0.0,0.0,0.0,0.0,0.0,0.0,0.0,0.0,0.0,0.0,0.0,-0.021767389886149,-0.021767389886149,-0.021767389886149,0.0012943274964956,0.0012943274964956,0.0012943274964956,-0.0230617173826446,-0.0230617173826446,-0.0230617173826446,0.0,0.0,0.0,10653358.870257411
2025-08-25,10902847.383108126,10536779.268939951,10736041.806443922,10864707.118650405,10937576.974982962,0.0,0.0,0.0,0.0,0.0,0.0,0.0,0.0,0.0,0.0,0.0,0.0,0.0,0.0,0.0,0.0,0.0,0.0,0.0,0.0,0.0,0.0,0.0,0.0,0.0,0.0,0.0,0.0,0.0,0.0,0.0,0.0,0.0,-0.0244945568900463,-0.0244945568900463,-0.0244945568900463,-0.00069933911917,-0.00069933911917,-0.00069933911917,-0.0237952177708762,-0.0237952177708762,-0.0237952177708762,0.0,0.0,0.0,10635786.967619091
2025-08-26,10915279.99153651,10537629.94991002,10736756.781540198,10875725.742191631,10952477.605092015,0.0,0.0,0.0,0.0,0.0,0.0,0.0,0.0,0.0,0.0,0.0,0.0,0.0,0.0,0.0,0.0,0.0,0.0,0.0,0.0,0.0,0.0,0.0,0.0,0.0,0.0,0.0,0.0,0.0,0.0,0.0,0.0,0.0,-0.0254039640451785,-0.0254039640451785,-0.0254039640451785,-0.0009328826298027,-0.0009328826298027,-0.0009328826298027,-0.0244710814153757,-0.0244710814153757,-0.0244710814153757,0.0,0.0,0.0,10637988.611088458
2025-08-27,10927712.599964889,10542692.951385872,10751714.952923784,10886657.133872734,10966986.368891276,0.0,0.0,0.0,0.0,0.0,0.0,0.0,0.0,0.0,0.0,0.0,0.0,0.0,0.0,0.0,0.0,0.0,0.0,0.0,0.0,0.0,0.0,0.0,0.0,0.0,0.0,0.0,0.0,0.0,0.0,0.0,0.0,0.0,-0.0253639167685689,-0.0253639167685689,-0.0253639167685689,-0.0002763532964444,-0.0002763532964444,-0.0002763532964444,-0.0250875634721244,-0.0250875634721244,-0.0250875634721244,0.0,0.0,0.0,10650543.007108536
2025-08-28,10940145.208393272,10554307.232451225,10760321.858773984,10897484.298471434,10980972.446256084,0.0,0.0,0.0,0.0,0.0,0.0,0.0,0.0,0.0,0.0,0.0,0.0,0.0,0.0,0.0,0.0,0.0,0.0,0.0,0.0,0.0,0.0,0.0,0.0,0.0,0.0,0.0,0.0,0.0,0.0,0.0,0.0,0.0,-0.0256777418749209,-0.0256777418749209,-0.0256777418749209,-3.356731100051664e-05,-3.356731100051664e-05,-3.356731100051664e-05,-0.0256441745639204,-0.0256441745639204,-0.0256441745639204,0.0,0.0,0.0,10659226.983657995
2025-08-29,10952577.816821652,10560358.371205,10760258.899702605,10907623.58832623,10995377.486783486,0.0,0.0,0.0,0.0,0.0,0.0,0.0,0.0,0.0,0.0,0.0,0.0,0.0,0.0,0.0,0.0,0.0,0.0,0.0,0.0,0.0,0.0,0.0,0.0,0.0,0.0,0.0,0.0,0.0,0.0,0.0,0.0,0.0,-0.0261466980067861,-0.0261466980067861,-0.0261466980067861,-4.983770821421953e-06,-4.983770821421953e-06,-4.983770821421953e-06,-0.0261417142359647,-0.0261417142359647,-0.0261417142359647,0.0,0.0,0.0,10666204.072249392
2025-08-30,10965010.425250037,10581480.72226552,10778956.64116882,10917537.648682049,11009548.46446428,0.0,0.0,0.0,0.0,0.0,0.0,0.0,0.0,0.0,0.0,0.0,0.0,0.0,0.0,0.0,0.0,0.0,0.0,0.0,0.0,0.0,0.0,0.0,0.0,0.0,0.0,0.0,0.0,0.0,0.0,0.0,0.0,0.0,-0.0259294682560406,-0.0259294682560406,-0.0259294682560406,0.0006527986307411,0.0006527986307411,0.0006527986307411,-0.0265822668867817,-0.0265822668867817,-0.0265822668867817,0.0,0.0,0.0,10680693.53550136
2025-08-31,10977443.03367842,10592374.803011328,10800496.172953548,10927692.56396648,11023216.47090209,0.0,0.0,0.0,0.0,0.0,0.0,0.0,0.0,0.0,0.0,0.0,0.0,0.0,0.0,0.0,0.0,0.0,0.0,0.0,0.0,0.0,0.0,0.0,0.0,0.0,0.0,0.0,0.0,0.0,0.0,0.0,0.0,0.0,-0.0256748324401262,-0.0256748324401262,-0.0256748324401262,0.0012943274964948,0.0012943274964948,0.0012943274964948,-0.026969159936621,-0.026969159936621,-0.026969159936621,0.0,0.0,0.0,10695599.023167696
2025-09-01,10989875.6421068,10573821.09580801,10783541.677325334,10939054.050003976,11037901.355680916,0.0,0.0,0.0,0.0,0.0,0.0,0.0,0.0,0.0,0.0,0.0,0.0,0.0,0.0,0.0,0.0,0.0,0.0,0.0,0.0,0.0,0.0,0.0,0.0,0.0,0.0,0.0,0.0,0.0,0.0,0.0,0.0,0.0,-0.0280062242259417,-0.0280062242259417,-0.0280062242259417,-0.0006993391191705,-0.0006993391191705,-0.0006993391191705,-0.0273068851067711,-0.0273068851067711,-0.0273068851067711,0.0,0.0,0.0,10682090.720658744
2025-09-02,11002308.250535185,10578628.962707544,10789661.151540885,10950330.191965712,11052007.70005272,0.0,0.0,0.0,0.0,0.0,0.0,0.0,0.0,0.0,0.0,0.0,0.0,0.0,0.0,0.0,0.0,0.0,0.0,0.0,0.0,0.0,0.0,0.0,0.0,0.0,0.0,0.0,0.0,0.0,0.0,0.0,0.0,0.0,-0.0285338674033433,-0.0285338674033433,-0.0285338674033433,-0.0009328826298039,-0.0009328826298039,-0.0009328826298039,-0.0276009847735394,-0.0276009847735394,-0.0276009847735394,0.0,0.0,0.0,10688369.845783705
2025-09-03,11014740.858963566,10600393.40064855,10812244.65383954,10960815.35063719,11066120.10656107,0.0,0.0,0.0,0.0,0.0,0.0,0.0,0.0,0.0,0.0,0.0,0.0,0.0,0.0,0.0,0.0,0.0,0.0,0.0,0.0,0.0,0.0,0.0,0.0,0.0,0.0,0.0,0.0,0.0,0.0,0.0,0.0,0.0,-0.0281342596943795,-0.0281342596943795,-0.0281342596943795,-0.0002763532964434,-0.0002763532964434,-0.0002763532964434,-0.027857906397936,-0.027857906397936,-0.027857906397936,0.0,0.0,0.0,10704849.279171191
2025-09-04,11027173.46739195,10606165.649852537,10819253.297470268,10972284.902681263,11079947.23271551,0.0,0.0,0.0,0.0,0.0,0.0,0.0,0.0,0.0,0.0,0.0,0.0,0.0,0.0,0.0,0.0,0.0,0.0,0.0,0.0,0.0,0.0,0.0,0.0,0.0,0.0,0.0,0.0,0.0,0.0,0.0,0.0,0.0,-0.0281183962969324,-0.0281183962969324,-0.0281183962969324,-3.356731099976455e-05,-3.356731099976455e-05,-3.356731099976455e-05,-0.0280848289859327,-0.0280848289859327,-0.0280848289859327,0.0,0.0,0.0,10717107.033800803
2025-09-05,11039606.075820329,10622004.008921,10827141.807201754,10981362.365007592,11093507.133141194,0.0,0.0,0.0,0.0,0.0,0.0,0.0,0.0,0.0,0.0,0.0,0.0,0.0,0.0,0.0,0.0,0.0,0.0,0.0,0.0,0.0,0.0,0.0,0.0,0.0,0.0,0.0,0.0,0.0,0.0,0.0,0.0,0.0,-0.0282944501473638,-0.0282944501473638,-0.0282944501473638,-4.983770822214017e-06,-4.983770822214017e-06,-4.983770822214017e-06,-0.0282894663765416,-0.0282894663765416,-0.0282894663765416,0.0,0.0,0.0,10727246.492061496
2025-09-06,11052038.684248712,10626145.89332614,10854875.295989666,10991969.26704454,11107223.334072974,0.0,0.0,0.0,0.0,0.0,0.0,0.0,0.0,0.0,0.0,0.0,0.0,0.0,0.0,0.0,0.0,0.0,0.0,0.0,0.0,0.0,0.0,0.0,0.0,0.0,0.0,0.0,0.0,0.0,0.0,0.0,0.0,0.0,-0.02782705423,-0.02782705423,-0.02782705423,0.0006527986307426,0.0006527986307426,0.0006527986307426,-0.0284798528607427,-0.0284798528607427,-0.0284798528607427,0.0,0.0,0.0,10744493.004430063
2025-09-07,11064471.292677091,10646079.649898062,10863569.806677433,11000728.215304086,11121052.770472463,0.0,0.0,0.0,0.0,0.0,0.0,0.0,0.0,0.0,0.0,0.0,0.0,0.0,0.0,0.0,0.0,0.0,0.0,0.0,0.0,0.0,0.0,0.0,0.0,0.0,0.0,0.0,0.0,0.0,0.0,0.0,0.0,0.0,-0.0273697896864675,-0.0273697896864675,-0.0273697896864675,0.0012943274964942,0.0012943274964942,0.0012943274964942,-0.0286641171829617,-0.0286641171829617,-0.0286641171829617,0.0,0.0,0.0,10761639.040404564
2025-09-08,11076903.901105477,10647850.219498709,10856095.019301549,11010719.4799698,11135286.68618866,0.0,0.0,0.0,0.0,0.0,0.0,0.0,0.0,0.0,0.0,0.0,0.0,0.0,0.0,0.0,0.0,0.0,0.0,0.0,0.0,0.0,0.0,0.0,0.0,0.0,0.0,0.0,0.0,0.0,0.0,0.0,0.0,0.0,-0.029549590470723,-0.029549590470723,-0.029549590470723,-0.0006993391191721,-0.0006993391191721,-0.0006993391191721,-0.0288502513515509,-0.0288502513515509,-0.0288502513515509,0.0,0.0,0.0,10749585.927144255
2025-09-09,11089336.509533858,10643467.186000269,10862909.90504736,11019913.31172832,11149334.50517856,0.0,0.0,0.0,0.0,0.0,0.0,0.0,0.0,0.0,0.0,0.0,0.0,0.0,0.0,0.0,0.0,0.0,0.0,0.0,0.0,0.0,0.0,0.0,0.0,0.0,0.0,0.0,0.0,0.0,0.0,0.0,0.0,0.0,-0.0299787635042513,-0.0299787635042513,-0.0299787635042513,-0.0009328826298044,-0.0009328826298044,-0.0009328826298044,-0.0290458808744468,-0.0290458808744468,-0.0290458808744468,0.0,0.0,0.0,10756891.912895482
2025-09-10,11101769.11796224,10670228.968459437,10887000.041203257,11030232.983700432,11164086.269430283,0.0,0.0,0.0,0.0,0.0,0.0,0.0,0.0,0.0,0.0,0.0,0.0,0.0,0.0,0.0,0.0,0.0,0.0,0.0,0.0,0.0,0.0,0.0,0.0,0.0,0.0,0.0,0.0,0.0,0.0,0.0,0.0,0.0,-0.0295343963312585,-0.0295343963312585,-0.0295343963312585,-0.0002763532964425,-0.0002763532964425,-0.0002763532964425,-0.029258043034816,-0.029258043034816,-0.029258043034816,0.0,0.0,0.0,10773885.068854218
2025-09-11,11114201.726390624,10672617.90042225,10898273.001713011,11040037.43072263,11178001.239679646,0.0,0.0,0.0,0.0,0.0,0.0,0.0,0.0,0.0,0.0,0.0,0.0,0.0,0.0,0.0,0.0,0.0,0.0,0.0,0.0,0.0,0.0,0.0,0.0,0.0,0.0,0.0,0.0,0.0,0.0,0.0,0.0,0.0,-0.0295265469395431,-0.0295265469395431,-0.0295265469395431,-3.356731099869835e-05,-3.356731099869835e-05,-3.356731099869835e-05,-0.0294929796285444,-0.0294929796285444,-0.0294929796285444,0.0,0.0,0.0,10786037.727420798
2025-09-12,11126634.334819006,10683559.850838106,10909801.656255703,11050418.385636378,11191558.95583414,0.0,0.0,0.0,0.0,0.0,0.0,0.0,0.0,0.0,0.0,0.0,0.0,0.0,0.0,0.0,0.0,0.0,0.0,0.0,0.0,0.0,0.0,0.0,0.0,0.0,0.0,0.0,0.0,0.0,0.0,0.0,0.0,0.0,-0.0297609339768879,-0.0297609339768879,-0.0297609339768879,-4.983770821934862e-06,-4.983770821934862e-06,-4.983770821934862e-06,-0.0297559502060659,-0.0297559502060659,-0.0297559502060659,0.0,0.0,0.0,10795495.304995485
2025-09-13,11139066.943247383,10691710.63889417,10923157.621995123,11060604.166133914,11205644.809159858,0.0,0.0,0.0,0.0,0.0,0.0,0.0,0.0,0.0,0.0,0.0,0.0,0.0,0.0,0.0,0.0,0.0,0.0,0.0,0.0,0.0,0.0,0.0,0.0,0.0,0.0,0.0,0.0,0.0,0.0,0.0,0.0,0.0,-0.0293982726749732,-0.0293982726749732,-0.0293982726749732,0.0006527986307423,0.0006527986307423,0.0006527986307423,-0.0300510713057155,-0.0300510713057155,-0.0300510713057155,0.0,0.0,0.0,10811597.61590502
2025-09-14,11151499.551675769,10712688.51880477,10946820.508814571,11071328.400584156,11219974.480673432,0.0,0.0,0.0,0.0,0.0,0.0,0.0,0.0,0.0,0.0,0.0,0.0,0.0,0.0,0.0,0.0,0.0,0.0,0.0,0.0,0.0,0.0,0.0,0.0,0.0,0.0,0.0,0.0,0.0,0.0,0.0,0.0,0.0,-0.029086858953705,-0.029086858953705,-0.029086858953705,0.0012943274964935,0.0012943274964935,0.0012943274964935,-0.0303811864501986,-0.0303811864501986,-0.0303811864501986,0.0,0.0,0.0,10827137.45709387
2025-09-15,11163932.16010415,10688676.89228808,10935230.590864,11082486.780597862,11234551.863100693,0.0,0.0,0.0,0.0,0.0,0.0,0.0,0.0,0.0,0.0,0.0,0.0,0.0,0.0,0.0,0.0,0.0,0.0,0.0,0.0,0.0,0.0,0.0,0.0,0.0,0.0,0.0,0.0,0.0,0.0,0.0,0.0,0.0,-0.0314471099413952,-0.0314471099413952,-0.0314471099413952,-0.0006993391191667,-0.0006993391191667,-0.0006993391191667,-0.0307477708222285,-0.0307477708222285,-0.0307477708222285,0.0,0.0,0.0,10812858.758087076
2025-09-16,11176364.768532531,10707499.63154863,10939167.108116394,11093880.986619027,11248842.882095337,0.0,0.0,0.0,0.0,0.0,0.0,0.0,0.0,0.0,0.0,0.0,0.0,0.0,0.0,0.0,0.0,0.0,0.0,0.0,0.0,0.0,0.0,0.0,0.0,0.0,0.0,0.0,0.0,0.0,0.0,0.0,0.0,0.0,-0.0320837561940045,-0.0320837561940045,-0.0320837561940045,-0.0009328826298044,-0.0009328826298044,-0.0009328826298044,-0.0311508735642001,-0.0311508735642001,-0.0311508735642001,0.0,0.0,0.0,10817785.006163672
2025-09-17,11188797.376960916,10703239.29715107,10955235.228654986,11105946.93717262,11263472.890733276,0.0,0.0,0.0,0.0,0.0,0.0,0.0,0.0,0.0,0.0,0.0,0.0,0.0,0.0,0.0,0.0,0.0,0.0,0.0,0.0,0.0,0.0,0.0,0.0,0.0,0.0,0.0,0.0,0.0,0.0,0.0,0.0,0.0,-0.0318654528842245,-0.0318654528842245,-0.0318654528842245,-0.0002763532964431,-0.0002763532964431,-0.0002763532964431,-0.0315890995877814,-0.0315890995877814,-0.0315890995877814,0.0,0.0,0.0,10832261.281314231
2025-09-18,11201229.985389298,10723292.16703883,10958318.547611771,11116356.79563475,11278231.41024561,0.0,0.0,0.0,0.0,0.0,0.0,0.0,0.0,0.0,0.0,0.0,0.0,0.0,0.0,0.0,0.0,0.0,0.0,0.0,0.0,0.0,0.0,0.0,0.0,0.0,0.0,0.0,0.0,0.0,0.0,0.0,0.0,0.0,-0.0320931989737584,-0.0320931989737584,-0.0320931989737584,-3.356731099934032e-05,-3.356731099934032e-05,-3.356731099934032e-05,-0.032059631662759,-0.032059631662759,-0.032059631662759,0.0,0.0,0.0,10841746.68271737
2025-09-19,11213662.59381768,10728107.873611536,10967763.824589657,11126017.242003422,11293221.044927474,0.0,0.0,0.0,0.0,0.0,0.0,0.0,0.0,0.0,0.0,0.0,0.0,0.0,0.0,0.0,0.0,0.0,0.0,0.0,0.0,0.0,0.0,0.0,0.0,0.0,0.0,0.0,0.0,0.0,0.0,0.0,0.0,0.0,-0.03256327618331,-0.03256327618331,-0.03256327618331,-4.9837708227270345e-06,-4.9837708227270345e-06,-4.9837708227270345e-06,-0.0325582924124873,-0.0325582924124873,-0.0325582924124873,0.0,0.0,0.0,10848509.001748744
2025-09-20,11226095.202246062,10738660.199531415,10985991.468351765,11136345.648564791,11308712.142526722,0.0,0.0,0.0,0.0,0.0,0.0,0.0,0.0,0.0,0.0,0.0,0.0,0.0,0.0,0.0,0.0,0.0,0.0,0.0,0.0,0.0,0.0,0.0,0.0,0.0,0.0,0.0,0.0,0.0,0.0,0.0,0.0,0.0,-0.0324268460777741,-0.0324268460777741,-0.0324268460777741,0.0006527986307394,0.0006527986307394,0.0006527986307394,-0.0330796447085135,-0.0330796447085135,-0.0330796447085135,0.0,0.0,0.0,10862068.34106839
2025-09-21,11238527.810674446,10740641.497668387,11002345.070373643,11147464.659162384,11324195.959702156,0.0,0.0,0.0,0.0,0.0,0.0,0.0,0.0,0.0,0.0,0.0,0.0,0.0,0.0,0.0,0.0,0.0,0.0,0.0,0.0,0.0,0.0,0.0,0.0,0.0,0.0,0.0,0.0,0.0,0.0,0.0,0.0,0.0,-0.0323228003656153,-0.0323228003656153,-0.0323228003656153,0.0012943274964929,0.0012943274964929,0.0012943274964929,-0.0336171278621083,-0.0336171278621083,-0.0336171278621083,0.0,0.0,0.0,10875267.1198466
2025-09-22,11250960.419102823,10723981.82190914,10992251.038938738,11157440.603584455,11338940.219006868,0.0,0.0,0.0,0.0,0.0,0.0,0.0,0.0,0.0,0.0,0.0,0.0,0.0,0.0,0.0,0.0,0.0,0.0,0.0,0.0,0.0,0.0,0.0,0.0,0.0,0.0,0.0,0.0,0.0,0.0,0.0,0.0,0.0,-0.0348625651061847,-0.0348625651061847,-0.0348625651061847,-0.0006993391191683,-0.0006993391191683,-0.0006993391191683,-0.0341632259870163,-0.0341632259870163,-0.0341632259870163,0.0,0.0,0.0,10858723.078984749
2025-09-23,11263393.027531208,10730652.063793687,10989975.93086005,11167563.406631012,11353908.91052434,0.0,0.0,0.0,0.0,0.0,0.0,0.0,0.0,0.0,0.0,0.0,0.0,0.0,0.0,0.0,0.0,0.0,0.0,0.0,0.0,0.0,0.0,0.0,0.0,0.0,0.0,0.0,0.0,0.0,0.0,0.0,0.0,0.0,-0.0356425466147389,-0.0356425466147389,-0.0356425466147389,-0.0009328826298031,-0.0009328826298031,-0.0009328826298031,-0.0347096639849357,-0.0347096639849357,-0.0347096639849357,0.0,0.0,0.0,10861937.0165073
2025-09-24,11275825.63595959,10741796.952592922,11011080.32882086,11177324.701206576,11369112.413199317,0.0,0.0,0.0,0.0,0.0,0.0,0.0,0.0,0.0,0.0,0.0,0.0,0.0,0.0,0.0,0.0,0.0,0.0,0.0,0.0,0.0,0.0,0.0,0.0,0.0,0.0,0.0,0.0,0.0,0.0,0.0,0.0,0.0,-0.0355239791065453,-0.0355239791065453,-0.0355239791065453,-0.0002763532964405,-0.0002763532964405,-0.0002763532964405,-0.0352476258101048,-0.0352476258101048,-0.0352476258101048,0.0,0.0,0.0,10875263.441658713
2025-09-25,11288258.244387971,10755408.863285225,11012885.194975134,11187703.00165369,11383518.609460289,0.0,0.0,0.0,0.0,0.0,0.0,0.0,0.0,0.0,0.0,0.0,0.0,0.0,0.0,0.0,0.0,0.0,0.0,0.0,0.0,0.0,0.0,0.0,0.0,0.0,0.0,0.0,0.0,0.0,0.0,0.0,0.0,0.0,-0.0358015563352087,-0.0358015563352087,-0.0358015563352087,-3.35673109999823e-05,-3.35673109999823e-05,-3.35673109999823e-05,-0.0357679890242087,-0.0357679890242087,-0.0357679890242087,0.0,0.0,0.0,10884121.030925134
2025-09-26,11300690.852816354,10751933.722165328,11014279.957367942,11198503.914392428,11397736.849314949,0.0,0.0,0.0,0.0,0.0,0.0,0.0,0.0,0.0,0.0,0.0,0.0,0.0,0.0,0.0,0.0,0.0,0.0,0.0,0.0,0.0,0.0,0.0,0.0,0.0,0.0,0.0,0.0,0.0,0.0,0.0,0.0,0.0,-0.0362665529476051,-0.0362665529476051,-0.0362665529476051,-4.983770820598312e-06,-4.983770820598312e-06,-4.983770820598312e-06,-0.0362615691767846,-0.0362615691767846,-0.0362615691767846,0.0,0.0,0.0,10890853.749658171
2025-09-27,11313123.461244738,10766113.429853776,11034432.327454405,11207953.98003188,11412399.917961955,0.0,0.0,0.0,0.0,0.0,0.0,0.0,0.0,0.0,0.0,0.0,0.0,0.0,0.0,0.0,0.0,0.0,0.0,0.0,0.0,0.0,0.0,0.0,0.0,0.0,0.0,0.0,0.0,0.0,0.0,0.0,0.0,0.0,-0.0360665686219627,-0.0360665686219627,-0.0360665686219627,0.00065279863074,0.00065279863074,0.00065279863074,-0.0367193672527028,-0.0367193672527028,-0.0367193672527028,0.0,0.0,0.0,10905097.917601015
2025-09-28,11325556.06967312,10781318.371437952,11054091.499689585,11219380.613744672,11427338.091809012,0.0,0.0,0.0,0.0,0.0,0.0,0.0,0.0,0.0,0.0,0.0,0.0,0.0,0.0,0.0,0.0,0.0,0.0,0.0,0.0,0.0,0.0,0.0,0.0,0.0,0.0,0.0,0.0,0.0,0.0,0.0,0.0,0.0,-0.0358384858294461,-0.0358384858294461,-0.0358384858294461,0.0012943274964921,0.0012943274964921,0.0012943274964921,-0.0371328133259383,-0.0371328133259383,-0.0371328133259383,0.0,0.0,0.0,10919665.28895954
2025-09-29,11337988.678101502,10764500.632048752,11036805.19948122,11229656.999355068,11441208.119301198,0.0,0.0,0.0,0.0,0.0,0.0,0.0,0.0,0.0,0.0,0.0,0.0,0.0,0.0,0.0,0.0,0.0,0.0,0.0,0.0,0.0,0.0,0.0,0.0,0.0,0.0,0.0,0.0,0.0,0.0,0.0,0.0,0.0,-0.0381933387697635,-0.0381933387697635,-0.0381933387697635,-0.0006993391191688,-0.0006993391191688,-0.0006993391191688,-0.0374939996505947,-0.0374939996505947,-0.0374939996505947,0.0,0.0,0.0,10904953.035551028
2025-09-30,11350421.286529882,10772568.833061935,11042987.653498895,11239879.781421555,11455611.64492359,0.0,0.0,0.0,0.0,0.0,0.0,0.0,0.0,0.0,0.0,0.0,0.0,0.0,0.0,0.0,0.0,0.0,0.0,0.0,0.0,0.0,0.0,0.0,0.0,0.0,0.0,0.0,0.0,0.0,0.0,0.0,0.0,0.0,-0.0387287793332748,-0.0387287793332748,-0.0387287793332748,-0.0009328826298018,-0.0009328826298018,-0.0009328826298018,-0.0377958967034729,-0.0377958967034729,-0.0377958967034729,0.0,0.0,0.0,10910833.32518416
2025-10-01,11362853.894958263,10783136.750420712,11079764.539055452,11250491.069173126,11469631.214906516,0.0,0.0,0.0,0.0,0.0,0.0,0.0,0.0,0.0,0.0,0.0,0.0,0.0,0.0,0.0,0.0,0.0,0.0,0.0,0.0,0.0,0.0,0.0,0.0,0.0,0.0,0.0,0.0,0.0,0.0,0.0,0.0,0.0,-0.0383088994558153,-0.0383088994558153,-0.0383088994558153,-0.0002763532964445,-0.0002763532964445,-0.0002763532964445,-0.0380325461593707,-0.0380325461593707,-0.0380325461593707,0.0,0.0,0.0,10927555.46756519
2025-10-02,11375286.503386648,10798546.70441145,11089635.70854006,11261102.356924694,11483569.97283924,0.0,0.0,0.0,0.0,0.0,0.0,0.0,0.0,0.0,0.0,0.0,0.0,0.0,0.0,0.0,0.0,0.0,0.0,0.0,0.0,0.0,0.0,0.0,0.0,0.0,0.0,0.0,0.0,0.0,0.0,0.0,0.0,0.0,-0.0382327927284976,-0.0382327927284976,-0.0382327927284976,-3.356731100062426e-05,-3.356731100062426e-05,-3.356731100062426e-05,-0.0381992254174969,-0.0381992254174969,-0.0381992254174969,0.0,0.0,0.0,10940377.532275388
2025-10-03,11387719.11181503,10805771.697707577,11077114.396635275,11271720.9523692,11498744.173608111,0.0,0.0,0.0,0.0,0.0,0.0,0.0,0.0,0.0,0.0,0.0,0.0,0.0,0.0,0.0,0.0,0.0,0.0,0.0,0.0,0.0,0.0,0.0,0.0,0.0,0.0,0.0,0.0,0.0,0.0,0.0,0.0,0.0,-0.0382975628574666,-0.0382975628574666,-0.0382975628574666,-4.983770821390457e-06,-4.983770821390457e-06,-4.983770821390457e-06,-0.0382925790866452,-0.0382925790866452,-0.0382925790866452,0.0,0.0,0.0,10951597.22332712
2025-10-04,11400151.720243411,10832829.07386557,11114235.63417309,11282454.843514845,11512785.361068685,0.0,0.0,0.0,0.0,0.0,0.0,0.0,0.0,0.0,0.0,0.0,0.0,0.0,0.0,0.0,0.0,0.0,0.0,0.0,0.0,0.0,0.0,0.0,0.0,0.0,0.0,0.0,0.0,0.0,0.0,0.0,0.0,0.0,-0.0376579151249027,-0.0376579151249027,-0.0376579151249027,0.0006527986307415,0.0006527986307415,0.0006527986307415,-0.0383107137556443,-0.0383107137556443,-0.0383107137556443,0.0,0.0,0.0,10970845.77435147
2025-10-05,11412584.328671794,10832190.224748764,11134304.525893474,11293188.734660488,11526645.31330846,0.0,0.0,0.0,0.0,0.0,0.0,0.0,0.0,0.0,0.0,0.0,0.0,0.0,0.0,0.0,0.0,0.0,0.0,0.0,0.0,0.0,0.0,0.0,0.0,0.0,0.0,0.0,0.0,0.0,0.0,0.0,0.0,0.0,-0.0369589259014446,-0.0369589259014446,-0.0369589259014446,0.0012943274964917,0.0012943274964917,0.0012943274964917,-0.0382532533979363,-0.0382532533979363,-0.0382532533979363,0.0,0.0,0.0,10990787.470124424
2025-10-06,11425016.937100176,10836937.29057158,11129546.038674649,11304453.329374298,11542301.329845011,0.0,0.0,0.0,0.0,0.0,0.0,0.0,0.0,0.0,0.0,0.0,0.0,0.0,0.0,0.0,0.0,0.0,0.0,0.0,0.0,0.0,0.0,0.0,0.0,0.0,0.0,0.0,0.0,0.0,0.0,0.0,0.0,0.0,-0.038820692974897,-0.038820692974897,-0.038820692974897,-0.0006993391191634,-0.0006993391191634,-0.0006993391191634,-0.0381213538557335,-0.0381213538557335,-0.0381213538557335,0.0,0.0,0.0,10981489.862352012
2025-10-07,11437449.54552856,10839748.588432224,11148723.042690843,11315717.02058179,11557539.919237344,0.0,0.0,0.0,0.0,0.0,0.0,0.0,0.0,0.0,0.0,0.0,0.0,0.0,0.0,0.0,0.0,0.0,0.0,0.0,0.0,0.0,0.0,0.0,0.0,0.0,0.0,0.0,0.0,0.0,0.0,0.0,0.0,0.0,-0.03885055861877,-0.03885055861877,-0.03885055861877,-0.000932882629803,-0.000932882629803,-0.000932882629803,-0.037917675988967,-0.037917675988967,-0.037917675988967,0.0,0.0,0.0,10993098.241510777
2025-10-08,11449882.153956942,10868213.561061973,11169803.036734393,11327048.771526145,11573592.98955961,0.0,0.0,0.0,0.0,0.0,0.0,0.0,0.0,0.0,0.0,0.0,0.0,0.0,0.0,0.0,0.0,0.0,0.0,0.0,0.0,0.0,0.0,0.0,0.0,0.0,0.0,0.0,0.0,0.0,0.0,0.0,0.0,0.0,-0.037922671521129,-0.037922671521129,-0.037922671521129,-0.0002763532964435,-0.0002763532964435,-0.0002763532964435,-0.0376463182246855,-0.0376463182246855,-0.0376463182246855,0.0,0.0,0.0,11015672.034076797
